
2024 ةنسل ناكسلل ماعلا دادعتلا جئاتنل ًاقفو ةظفاحملاو ةيرمعلا تائفلا بسح ناكسلا دادعا
POPULATION BY AGE GROUP AND GOVERNORATE UNDER THE RESULTS OF IRAQ POPULATION AND HOUSING CENSUS 2024
Table (10/2) )2/10( لودج
ةئيبلا
ENVIRONMENT
عومجملا فير رضح
Governorate ةظفاحملا
Total Rural Urban
دارفلاا ددع ثانلاا روكذلا دارفلاا ثانلاا روكذلا دارفلاا ثانلاا روكذلا
ةيرمعلا ةئفلا
164,384 80,355 84,029 37 ,010 18 ,145 18, 865 127 ,374 62,210 65,164 00-04
179,963 87,726 92,237 40 ,028 19 ,674 20, 354 139 ,935 68,052 71,883 05-09
190,072 93,543 96,529 42 ,149 20 ,829 21, 320 147 ,923 72,714 75,209 10-14
169,893 83,459 86,434 36 ,986 18 ,154 18, 832 132 ,907 65,305 67,602 15-19
163,269 80,983 82,286 35 ,567 17 ,378 18, 189 127 ,702 63,605 64,097 20-24
136,437 67,471 68,966 27 ,524 13 ,389 14, 135 108 ,913 54,082 54,831 25-29
121,465 60,360 61,105 24 ,138 11 ,971 12, 167 97 ,327 48,389 48,938 30-34
117,285 57,701 59,584 21 ,517 10 ,661 10, 856 95 ,768 47,040 48,728 35-39
98,876 49,361 49,515 16 ,925 8 ,592 8, 333 81, 951 40,769 41,182 40-44
Duhok-11 11-كوهد
73,132 36,814 36,318 12 ,368 6 ,440 5, 928 60, 764 30,374 30,390 45-49
62,410 30,572 31,838 10 ,951 5 ,354 5, 597 51, 459 25,218 26,241 50-54
39,973 18,731 21,242 6, 852 3 ,274 3, 578 33, 121 15,457 17,664 55-59
24,676 14,765 9,911 4, 023 2, 596 1, 427 20, 653 12,169 8,484 60-64
22,272 12,126 10,146 3, 581 1 ,969 1, 612 18, 691 10,157 8,534 65-69
19,531 10,438 9,093 3, 626 1, 909 1, 717 15, 905 8,529 7,376 70-74
7,987 4,458 3,529 1, 446 8 39 6 07 6,5 41 3,619 2,922 75-79
4,064 2,298 1,766 75 5 4 46 3 09 3,3 09 1,852 1,457 80-84
4,182 2,746 1,436 87 9 5 57 3 22 3,3 03 2,189 1,114 85+ رثكأف
Total 1,599,871 793,907 805,964 32 6,325 16 2,177 164 ,148 1,2 73,546 631,730 641,816 عومجملا
546,274 266,125 280,149 27 2,665 13 2,751 139 ,914 273 ,609 133,374 140,235 00-04
530,975 259,755 271,220 26 3,781 12 8,998 134 ,783 267 ,194 130,757 136,437 05-09
601,261 295,806 305,455 28 1,867 13 8,609 143 ,258 319 ,394 157,197 162,197 10-14
504,259 247,398 256,861 22 9,564 11 2,857 116 ,707 274 ,695 134,541 140,154 15-19
394,408 194,198 200,210 18 0,463 8 8,457 92 ,006 213 ,945 105,741 108,204 20-24
324,062 164,591 159,471 14 8,878 7 4,943 73 ,935 175 ,184 89,648 85,536 25-29
295,547 149,773 145,774 13 1,443 6 6,234 65 ,209 164 ,104 83,539 80,565 30-34
241,367 122,428 118,939 10 6,184 5 3,666 52 ,518 135 ,183 68,762 66,421 35-39
202,507 103,295 99,212 87 ,993 45 ,030 42 ,963 114 ,514 58,265 56,249 40-44
Nineveh-12 12-ىونين
165,103 85,143 79,960 69 ,741 36 ,288 33, 453 95 ,362 48,855 46,507 45-49
140,138 71,728 68,410 59 ,040 30 ,400 28, 640 81 ,098 41,328 39,770 50-54
111,176 57,167 54,009 43 ,925 22 ,775 21, 150 67 ,251 34,392 32,859 55-59
74,908 42,643 32,265 27 ,511 16 ,408 11, 103 47, 397 26,235 21,162 60-64
52,789 28,792 23,997 18 ,562 10 ,561 8, 001 34, 227 18,231 15,996 65-69
41,045 24,055 16,990 15 ,934 9 ,430 6, 504 25, 111 14,625 10,486 70-74
19,103 11,265 7,838 6, 657 4, 058 2, 599 12, 446 7,207 5,239 75-79
9,764 5,767 3,997 3, 178 1, 965 1,2 13 6,5 86 3,802 2,784 80-84
7,294 4,829 2,465 2, 981 2, 000 9 81 4,3 13 2,829 1,484 85+ رثكأف
Total 4,261,980 2,134,758 2,127,222 1, 950,367 9 75,430 9 74,937 2,3 11,613 1,159,328 1,152,285 عومجملا
[595 words in 50 rows]

Con . Table (10/2) )2/10( لودج عبات
ةئيبلا
ENVIRONMENT
عومجملا فير رضح
Governorate ةظفاحملا
Total Rural Urban
دارفلاا ددع ثانلاا روكذلا دارفلاا ثانلاا روكذلا دارفلاا ثانلاا روكذلا
ةيرمعلا ةئفلا
226,164 109,904 116,260 25 ,887 1 2,496 13 ,391 200 ,277 97,408 102,869 00-04
237,371 115,785 121,586 26 ,851 1 3,026 13 ,825 210 ,520 102,759 107,761 05-09
251,636 123,277 128,359 27 ,368 1 3,417 13 ,951 224 ,268 109,860 114,408 10-14
218,098 106,786 111,312 24 ,803 1 1,814 12 ,989 193 ,295 94,972 98,323 15-19
207,443 101,288 106,155 25 ,729 1 1,636 14 ,093 181 ,714 89,652 92,062 20-24
186,513 91,670 94,843 22 ,271 9 ,875 12, 396 164 ,242 81,795 82,447 25-29
182,068 89,511 92,557 19 ,694 9 ,024 10, 670 162 ,374 80,487 81,887 30-34
192,877 94,477 98,400 20 ,041 9 ,416 10, 625 172 ,836 85,061 87,775 35-39
172,589 84,369 88,220 17 ,385 8 ,404 8, 981 155 ,204 75,965 79,239 40-44
Sulaimainya-13 13-ةيناميلسلا
138,288 67,904 70,384 13 ,414 6 ,541 6, 873 124 ,874 61,363 63,511 45-49
125,304 61,387 63,917 12 ,915 6 ,382 6, 533 112 ,389 55,005 57,384 50-54
85,612 41,205 44,407 9, 099 4 ,433 4, 666 76, 513 36,772 39,741 55-59
52,755 30,831 21,924 5, 232 3 ,186 2, 046 47, 523 27,645 19,878 60-64
44,081 23,414 20,667 4, 625 2 ,399 2, 226 39, 456 21,015 18,441 65-69
42,044 23,336 18,708 5, 043 2 ,519 2, 524 37, 001 20,817 16,184 70-74
18,621 10,028 8,593 2, 132 1, 070 1, 062 16, 489 8,958 7,531 75-79
10,613 5,820 4,793 1, 059 5 38 5 21 9, 554 5,282 4,272 80-84
9,647 6,016 3,631 1, 081 6 54 4 27 8,5 66 5,362 3,204 85+ رثكأف
2,401,724 1,187,008 1,214,716 26 4,629 126,830 1 37,799 2,1 37,095 1,060,178 1,076,917 عومجملا
229,645 112,405 117,240 73 ,000 3 5,867 37 ,133 156 ,645 76,538 80,107 00-04
230,326 112,718 117,608 67 ,454 3 2,945 34 ,509 162 ,872 79,773 83,099 05-09
259,975 127,502 132,473 73 ,859 3 6,408 37 ,451 186 ,116 91,094 95,022 10-14
227,858 111,861 115,997 62 ,182 3 0,350 31 ,832 165 ,676 81,511 84,165 15-19
184,817 91,367 93,450 50 ,600 24 ,822 25, 778 134 ,217 66,545 67,672 20-24
153,014 77,081 75,933 42 ,056 20 ,829 21, 227 110 ,958 56,252 54,706 25-29
141,096 71,829 69,267 35 ,969 18 ,269 17, 700 105 ,127 53,560 51,567 30-34
128,225 65,111 63,114 30 ,610 15 ,462 15, 148 97 ,615 49,649 47,966 35-39
113,902 57,890 56,012 26 ,408 13 ,652 12, 756 87 ,494 44,238 43,256 40-44
Kirkuk-14 14-كوكرك
96,698 49,134 47,564 20 ,753 10 ,920 9, 833 75, 945 38,214 37,731 45-49
82,482 42,584 39,898 18 ,273 9 ,802 8, 471 64, 209 32,782 31,427 50-54
63,659 32,986 30,673 13 ,732 7 ,460 6, 272 49, 927 25,526 24,401 55-59
43,689 24,768 18,921 8, 392 5 ,007 3, 385 35, 297 19,761 15,536 60-64
31,702 17,367 14,335 5, 863 3 ,375 2, 488 25, 839 13,992 11,847 65-69
25,610 15,031 10,579 5, 231 3 ,129 2, 102 20, 379 11,902 8,477 70-74
11,317 6,664 4,653 2, 158 1, 333 8 25 9, 159 5,331 3,828 75-79
6,050 3,475 2,575 1, 137 6 42 4 95 4,9 13 2,833 2,080 80-84
4,562 3,093 1,469 91 5 6 55 2 60 3,6 47 2,438 1,209 85+ رثكأف
Total 2,034,627 1,022,866 1,011,761 53 8,592 2 70,927 2 67,665 1,4 96,035 751,939 744,096 عومجملا
[567 words in 48 rows]

Con . Table (10/2) )2/10( لودج عبات
ةئيبلا
ENVIRONMENT
عومجملا فير رضح
Governorate ةظفاحملا
Total Rural Urban
دارفلاا ددع ثانلاا روكذلا دارفلاا ثانلاا روكذلا دارفلاا ثانلاا روكذلا
ةيرمعلا ةئفلا
255,999 124,576 131,423 48 ,478 2 3,782 24 ,696 207 ,521 100,794 106,727 00-04
273,661 133,265 140,396 49 ,879 2 4,309 25 ,570 223 ,782 108,956 114,826 05-09
285,920 139,722 146,198 50 ,491 2 4,697 25 ,794 235 ,429 115,025 120,404 10-14
247,627 121,317 126,310 43 ,617 2 1,295 22 ,322 204 ,010 100,022 103,988 15-19
240,381 118,299 122,082 42 ,536 2 0,759 21 ,777 197 ,845 97,540 100,305 20-24
208,136 104,269 103,867 34 ,681 1 6,918 17 ,763 173 ,455 87,351 86,104 25-29
194,933 98,432 96,501 30 ,546 15 ,024 15, 522 164 ,387 83,408 80,979 30-34
193,907 96,679 97,228 28 ,820 14 ,332 14, 488 165 ,087 82,347 82,740 35-39
163,275 81,180 82,095 23 ,548 11 ,886 11, 662 139 ,727 69,294 70,433 40-44
Duhok-11 15-ليبرا
123,674 61,598 62,076 17 ,195 8 ,656 8, 539 106 ,479 52,942 53,537 45-49
103,086 51,669 51,417 14 ,854 7 ,551 7, 303 88 ,232 44,118 44,114 50-54
73,651 36,275 37,376 10 ,067 5 ,064 5, 003 63, 584 31,211 32,373 55-59
49,217 28,209 21,008 6, 065 3 ,703 2, 362 43, 152 24,506 18,646 60-64
39,971 21,724 18,247 5, 313 2 ,974 2, 339 34, 658 18,750 15,908 65-69
33,048 18,156 14,892 4, 646 2 ,469 2, 177 28, 402 15,687 12,715 70-74
15,261 8,539 6,722 1, 949 1, 093 8 56 13, 312 7,446 5,866 75-79
8,187 4,727 3,460 99 1 5 67 4 24 7,1 96 4,160 3,036 80-84
7,600 4,910 2,690 1, 223 7 96 4 27 6,3 77 4,114 2,263 85+ رثكأف
2,517,534 1,253,546 1,263,988 41 4,899 205,875 2 09,024 2,1 02,635 1,047,671 1,054,964 عومجملا
Total
222,147 108,216 113,931 11 1,994 5 4,662 57 ,332 110 ,153 53,554 56,599 00-04
234,493 114,466 120,027 11 6,449 5 6,810 59 ,639 118 ,044 57,656 60,388 05-09
249,991 122,570 127,421 12 1,332 5 9,792 61 ,540 128 ,659 62,778 65,881 10-14
212,003 103,462 108,541 10 1,346 4 9,198 52 ,148 110 ,657 54,264 56,393 15-19
174,029 84,950 89,079 82 ,825 39 ,685 43, 140 91 ,204 45,265 45,939 20-24
146,314 71,792 74,522 68 ,194 32 ,739 35, 455 78 ,120 39,053 39,067 25-29
139,546 69,008 70,538 62 ,256 30 ,538 31, 718 77 ,290 38,470 38,820 30-34
113,386 56,986 56,400 49 ,834 24 ,962 24, 872 63 ,552 32,024 31,528 35-39
100,582 51,855 48,727 44 ,467 23 ,033 21, 434 56 ,115 28,822 27,293 40-44
Diyala-21 21-ىلايد
90,674 46,519 44,155 39 ,693 20 ,440 19, 253 50, 981 26,079 24,902 45-49
76,758 39,573 37,185 33 ,718 17 ,350 16, 368 43, 040 22,223 20,817 50-54
59,920 31,477 28,443 25 ,632 13 ,467 12, 165 34, 288 18,010 16,278 55-59
41,964 23,916 18,048 17 ,087 9 ,983 7, 104 24, 877 13,933 10,944 60-64
29,275 16,179 13,096 11 ,295 6 ,392 4, 903 17, 980 9,787 8,193 65-69
23,158 13,655 9,503 9, 937 6, 014 3, 923 13, 221 7,641 5,580 70-74
10,836 6,777 4,059 4, 656 2, 981 1,6 75 6, 180 3,796 2,384 75-79
5,707 3,419 2,288 2, 393 1, 460 9 33 3,3 14 1,959 1,355 80-84
3,721 2,514 1,207 1, 711 1, 130 5 81 2,0 10 1,384 626 85+ رثكأف
Total 1,934,504 967,334 967,170 90 4,819 45 0,636 454 ,183 1,0 29,685 516,698 512,987 عومجملا
[568 words in 49 rows]

Con . Table (10/2) )2/10( لودج عبات
ةئيبلا
ENVIRONMENT
عومجملا فير رضح
Governorate ةظفاحملا
Total Rural Urban
دارفلاا ددع ثانلاا روكذلا دارفلاا ثانلاا روكذلا دارفلاا ثانلاا روكذلا
ةيرمعلا ةئفلا
247,203 120,325 126,878 11 0,561 5 3,833 56 ,728 136 ,642 66,492 70,150 00-04
229,483 112,372 117,111 10 1,203 4 9,514 51 ,689 128 ,280 62,858 65,422 05-09
275,347 135,169 140,178 11 8,894 5 8,307 60 ,587 156 ,453 76,862 79,591 10-14
239,145 117,496 121,649 10 1,152 4 9,538 51 ,614 137 ,993 67,958 70,035 15-19
185,290 90,172 95,118 78 ,002 37 ,587 40, 415 107 ,288 52,585 54,703 20-24
159,540 79,353 80,187 67 ,322 33 ,052 34, 270 92 ,218 46,301 45,917 25-29
145,295 73,500 71,795 59 ,973 30 ,063 29, 910 85 ,322 43,437 41,885 30-34
118,969 61,199 57,770 48 ,100 24 ,674 23, 426 70 ,869 36,525 34,344 35-39
102,975 53,140 49,835 41 ,849 21 ,756 20, 093 61 ,126 31,384 29,742 40-44
Al-Anbar-22 22-رابنلاا
84,916 43,203 41,713 33 ,925 17 ,349 16, 576 50, 991 25,854 25,137 45-49
69,847 35,799 34,048 27 ,924 14 ,513 13, 411 41, 923 21,286 20,637 50-54
51,491 26,469 25,022 19 ,986 10 ,561 9, 425 31, 505 15,908 15,597 55-59
34,735 19,762 14,973 12 ,754 7 ,727 5, 027 21, 981 12,035 9,946 60-64
23,778 13,068 10,710 8, 680 5 ,041 3, 639 15, 098 8,027 7,071 65-69
19,273 11,399 7,874 7, 914 4, 819 3, 095 11, 359 6,580 4,779 70-74
9,204 5,545 3,659 3, 615 2, 219 1,3 96 5,5 89 3,326 2,263 75-79
4,481 2,447 2,034 1, 697 9 38 7 59 2,7 84 1,509 1,275 80-84
3,446 2,402 1,044 1, 465 1, 008 4 57 1,9 81 1,394 587 85+ رثكأف
Total 2,004,418 1,002,820 1,001,598 84 5,016 4 22,499 4 22,517 1,1 59,402 580,321 579,081 عومجملا
989,273 482,531 506,742 18 5,708 9 0,400 95 ,308 803 ,565 392,131 411,434 00-04
1,124,177 550,632 573,545 19 2,712 9 4,562 98 ,150 9 31,465 456,070 475,395 05-09
1,229,793 603,117 626,676 20 1,838 9 8,938 102 ,900 1,0 27,955 504,179 523,776 10-14
1,095,431 537,760 557,671 16 8,910 8 2,374 86 ,536 9 26,521 455,386 471,135 15-19
874,330 429,742 444,588 13 1,621 6 3,518 68 ,103 742 ,709 366,224 376,485 20-24
741,132 366,548 374,584 11 0,027 5 3,995 56 ,032 631 ,105 312,553 318,552 25-29
716,752 356,746 360,006 99 ,104 4 9,893 49 ,211 617 ,648 306,853 310,795 30-34
608,252 299,178 309,074 78 ,977 3 9,813 39 ,164 529 ,275 259,365 269,910 35-39
533,858 267,996 265,862 69 ,673 3 5,358 34 ,315 464 ,185 232,638 231,547 40-44
Baghdad-23 23-دادغب
477,243 240,674 236,569 59 ,163 3 0,368 28 ,795 418 ,080 210,306 207,774 45-49
414,670 211,026 203,644 49 ,400 2 5,340 24 ,060 365 ,270 185,686 179,584 50-54
330,103 170,023 160,080 36 ,055 1 8,995 17 ,060 294 ,048 151,028 143,020 55-59
241,122 130,721 110,401 23 ,427 1 3,542 9 ,885 217 ,695 117,179 100,516 60-64
159,602 87,248 72,354 14 ,821 8 ,353 6, 468 144 ,781 78,895 65,886 65-69
124,542 70,629 53,913 12 ,926 7 ,823 5, 103 111 ,616 62,806 48,810 70-74
65,717 37,597 28,120 6, 260 3 ,945 2, 315 59, 457 33,652 25,805 75-79
33,284 18,968 14,316 2, 895 1 ,730 1, 165 30, 389 17,238 13,151 80-84
21,144 14,314 6,830 2, 246 1, 577 669 18, 898 12,737 6,161 85+ رثكأف
4 2 2 4 2 2 نيبم ريغ/Not spacified
Total 9,780,429 4,875,452 4,904,977 1, 445,763 7 20,524 7 25,239 8,3 34,666 4,154,928 4,179,738 عومجملا
[577 words in 49 rows]

Con . Table (10/2) )2/10( لودج عبات
ةئيبلا
ENVIRONMENT
عومجملا فير رضح
Governorate ةظفاحملا
Total Rural Urban
دارفلاا ددع ثانلاا روكذلا دارفلاا ثانلاا روكذلا دارفلاا ثانلاا روكذلا
ةيرمعلا ةئفلا
278,030 135,973 142,057 16 6,560 8 1,194 85 ,366 111 ,470 54,779 56,691 00-04
299,434 146,734 152,700 17 4,497 8 5,446 89 ,051 124 ,937 61,288 63,649 05-09
315,238 155,333 159,905 17 9,204 8 8,151 91 ,053 136 ,034 67,182 68,852 10-14
286,701 140,275 146,426 16 0,740 7 8,239 82 ,501 125 ,961 62,036 63,925 15-19
236,742 114,349 122,393 13 1,676 6 2,539 69 ,137 105 ,066 51,810 53,256 20-24
196,991 95,576 101,415 10 7,549 5 1,634 55, 915 89 ,442 43,942 45,500 25-29
178,517 87,383 91,134 93 ,047 45 ,468 47, 579 85 ,470 41,915 43,555 30-34
142,148 69,676 72,472 72 ,436 35 ,519 36, 917 69 ,712 34,157 35,555 35-39
127,527 63,124 64,403 65 ,373 32 ,429 32, 944 62 ,154 30,695 31,459 40-44
Babylon-24 24-لباب
112,457 56,111 56,346 56 ,987 28 ,722 28, 265 55 ,470 27,389 28,081 45-49
95,015 48,015 47,000 47 ,759 24 ,097 23, 662 47, 256 23,918 23,338 50-54
73,376 36,701 36,675 35 ,476 17 ,639 17, 837 37, 900 19,062 18,838 55-59
49,516 27,316 22,200 22 ,264 12 ,469 9, 795 27, 252 14,847 12,405 60-64
34,699 19,211 15,488 14 ,824 8 ,404 6, 420 19, 875 10,807 9,068 65-69
29,785 17,119 12,666 13 ,833 8 ,221 5, 612 15, 952 8,898 7,054 70-74
14,124 8,343 5,781 6, 435 3, 948 2,4 87 7, 689 4,395 3,294 75-79
6,794 3,828 2,966 2, 993 1, 713 1,2 80 3,8 01 2,115 1,686 80-84
5,230 3,614 1,616 2, 777 1, 886 8 91 2,4 53 1,728 725 85+ رثكأف
2,482,324 1,228,681 1,253,643 1, 354,430 667,718 6 86,712 1,1 27,894 560,963 566,931 عومجملا
Total
197,162 96,745 100,417 59 ,050 2 8,966 30, 084 138 ,112 67,779 70,333 00-04
214,283 105,458 108,825 60 ,406 2 9,818 30 ,588 153 ,877 75,640 78,237 05-09
224,510 110,301 114,209 60 ,340 2 9,851 30 ,489 164 ,170 80,450 83,720 10-14
202,131 99,148 102,983 52 ,671 2 5,731 26, 940 149 ,460 73,417 76,043 15-19
168,607 83,018 85,589 44 ,962 21 ,684 23, 278 123 ,645 61,334 62,311 20-24
139,242 69,380 69,862 37 ,079 18 ,032 19, 047 102 ,163 51,348 50,815 25-29
126,362 62,803 63,559 32 ,632 15 ,846 16, 786 93 ,730 46,957 46,773 30-34
100,248 50,104 50,144 24 ,693 12 ,072 12, 621 75 ,555 38,032 37,523 35-39
89,709 45,103 44,606 21 ,864 10 ,885 10, 979 67, 845 34,218 33,627 40-44
Kerbala-25 25-ءلابرك
78,979 39,929 39,050 19 ,067 9 ,715 9, 352 59, 912 30,214 29,698 45-49
67,477 34,202 33,275 16 ,296 8 ,290 8, 006 51, 181 25,912 25,269 50-54
51,869 25,987 25,882 12 ,111 5 ,961 6, 150 39, 758 20,026 19,732 55-59
34,441 18,990 15,451 7, 473 4 ,264 3, 209 26, 968 14,726 12,242 60-64
23,038 12,559 10,479 4, 741 2 ,648 2, 093 18, 297 9,911 8,386 65-69
19,313 10,948 8,365 4, 502 2, 657 1, 845 14, 811 8,291 6,520 70-74
9,024 5,248 3,776 1, 982 1, 221 7 61 7,0 42 4,027 3,015 75-79
4,239 2,320 1,919 95 0 5 14 4 36 3,2 89 1,806 1,483 80-84
3,431 2,367 1,064 88 8 6 16 2 72 2,5 43 1,751 792 85+ رثكأف
عومجملا
Total 1,754,065 874,610 879,455 46 1,707 22 8,771 232 ,936 1,2 92,358 645,839 646,519
[568 words in 50 rows]

Con . Table (10/2) )2/10( لودج عبات
ةئيبلا
ENVIRONMENT
عومجملا فير رضح
Governorate ةظفاحملا
Total Rural Urban
دارفلاا ددع ثانلاا روكذلا دارفلاا ثانلاا روكذلا دارفلاا ثانلاا روكذلا
ةيرمعلا ةئفلا
183,386 89,757 93,629 76 ,004 37 ,291 38, 713 107 ,382 52,466 54,916 00-04
206,312 101,090 105,222 81 ,973 4 0,310 41 ,663 124 ,339 60,780 63,559 05-09
216,521 106,200 110,321 81 ,450 4 0,124 41 ,326 135 ,071 66,076 68,995 10-14
193,234 95,149 98,085 71 ,668 34 ,969 36, 699 121 ,566 60,180 61,386 15-19
154,554 74,742 79,812 58 ,404 27 ,459 30, 945 96 ,150 47,283 48,867 20-24
126,935 61,999 64,936 46 ,788 22 ,404 24, 384 80 ,147 39,595 40,552 25-29
113,600 55,881 57,719 38 ,321 18 ,594 19, 727 75 ,279 37,287 37,992 30-34
92,377 46,095 46,282 30 ,057 14 ,869 15, 188 62, 320 31,226 31,094 35-39
84,032 42,089 41,943 27 ,403 13 ,889 13, 514 56, 629 28,200 28,429 40-44
Wasit-26 26--طساو
74,179 37,613 36,566 24 ,033 12 ,537 11, 496 50, 146 25,076 25,070 45-49
65,021 32,826 32,195 21 ,578 11 ,059 10, 519 43, 443 21,767 21,676 50-54
47,769 24,118 23,651 15 ,072 7 ,734 7, 338 32, 697 16,384 16,313 55-59
29,597 16,805 12,792 8, 765 5 ,233 3, 532 20, 832 11,572 9,260 60-64
19,076 10,798 8,278 5, 203 3, 090 2, 113 13, 873 7,708 6,165 65-69
19,346 11,549 7,797 6, 082 3, 847 2, 235 13, 264 7,702 5,562 70-74
9,844 5,967 3,877 3, 269 2, 049 1,2 20 6,5 75 3,918 2,657 75-79
4,651 2,769 1,882 1, 585 9 81 6 04 3,0 66 1,788 1,278 80-84
3,839 2,791 1,048 1, 515 1, 087 4 28 2,3 24 1,704 620 85+ رثكأف
عومجملا
Total 1,644,273 818,238 826,035 59 9,170 29 7,526 301 ,644 1,0 45,103 520,712 524,391
228,012 111,960 116,052 12 7,093 6 2,477 64 ,616 100 ,919 49,483 51,436 00-04
211,880 103,975 107,905 11 4,206 5 6,119 58 ,087 97 ,674 47,856 49,818 05-09
244,589 120,206 124,383 13 0,093 6 3,914 66 ,179 114 ,496 56,292 58,204 10-14
205,710 100,971 104,739 10 7,447 5 2,604 54 ,843 98 ,263 48,367 49,896 15-19
165,562 80,897 84,665 86 ,053 41 ,724 44, 329 79 ,509 39,173 40,336 20-24
141,742 70,929 70,813 72 ,491 36 ,198 36, 293 69 ,251 34,731 34,520 25-29
127,856 64,735 63,121 63 ,402 32 ,042 31, 360 64 ,454 32,693 31,761 30-34
102,312 52,437 49,875 49 ,196 25 ,385 23, 811 53 ,116 27,052 26,064 35-39
85,727 44,552 41,175 40 ,750 21 ,414 19, 336 44, 977 23,138 21,839 40-44
Salah Al-Din-27 27-نيدلا حلاص
72,535 37,952 34,583 33 ,912 18 ,171 15, 741 38, 623 19,781 18,842 45-49
62,173 32,202 29,971 28 ,677 15 ,076 13, 601 33, 496 17,126 16,370 50-54
44,655 23,575 21,080 19 ,829 10 ,705 9, 124 24, 826 12,870 11,956 55-59
29,801 17,584 12,217 12 ,303 7 ,586 4, 717 17, 498 9,998 7,500 60-64
20,053 11,319 8,734 7, 797 4, 579 3, 218 12, 256 6,740 5,516 65-69
16,918 10,284 6,634 7, 394 4, 631 2, 763 9, 524 5,653 3,871 70-74
7,952 4,909 3,043 3, 484 2, 248 1,2 36 4,4 68 2,661 1,807 75-79
3,885 2,314 1,571 1, 599 9 67 6 32 2,2 86 1,347 939 80-84
3,180 2,194 986 1, 522 1,04 2 4 80 1,6 58 1,152 506 85+ رثكأف
عومجملا
1,774,542 892,995 881,547 90 7,248 45 6,882 450 ,366 8 67,294 436,113 431,181
[570 words in 50 rows]

Con . Table (10/2) )2/10( لودج عبات
ةئيبلا
ENVIRONMENT
عومجملا فير رضح
Governorate ةظفاحملا
Total Rural Urban
دارفلاا ددع ثانلاا روكذلا دارفلاا ثانلاا روكذلا دارفلاا ثانلاا روكذلا
ةيرمعلا ةئفلا
212,878 104,003 108,875 94 ,648 4 6,201 48 ,447 118 ,230 57,802 60,428 00-04
236,471 115,767 120,704 10 2,181 5 0,004 52 ,177 134 ,290 65,763 68,527 05-09
251,507 123,300 128,207 10 5,338 5 1,290 54 ,048 146 ,169 72,010 74,159 10-14
230,542 113,026 117,516 91 ,602 4 4,221 47 ,381 138 ,940 68,805 70,135 15-19
187,838 92,621 95,217 73 ,154 35 ,008 38, 146 114 ,684 57,613 57,071 20-24
154,962 76,757 78,205 60 ,917 29 ,688 31, 229 94 ,045 47,069 46,976 25-29
137,650 68,875 68,775 52 ,552 26 ,041 26, 511 85 ,098 42,834 42,264 30-34
112,588 55,917 56,671 42 ,699 20 ,895 21, 804 69 ,889 35,022 34,867 35-39
102,874 50,939 51,935 38 ,902 19 ,228 19, 674 63 ,972 31,711 32,261 40-44
Al-Najaf-28 28-فجنلا
86,695 43,835 42,860 31 ,733 16 ,194 15, 539 54, 962 27,641 27,321 45-49
75,793 38,401 37,392 27 ,245 13 ,722 13, 523 48, 548 24,679 23,869 50-54
57,939 28,691 29,248 19 ,018 9 ,194 9, 824 38, 921 19,497 19,424 55-59
36,603 20,000 16,603 10 ,488 5 ,950 4, 538 26, 115 14,050 12,065 60-64
24,112 13,273 10,839 6, 626 3 ,723 2, 903 17, 486 9,550 7,936 65-69
21,977 12,168 9,809 7, 020 4, 005 3, 015 14, 957 8,163 6,794 70-74
10,951 6,094 4,857 3, 413 1, 935 1,4 78 7, 538 4,159 3,379 75-79
4,984 2,740 2,244 1, 509 8 96 6 13 3,4 75 1,844 1,631 80-84
4,469 2,973 1,496 1, 704 1, 101 6 03 2,7 65 1,872 893 85+ رثكأف
عومجملا
Total 1,950,833 969,380 981,453 77 0,749 37 9,296 391 ,453 1,1 80,084 590,084 590,000
163,784 80,138 83,646 84 ,560 41 ,425 43, 135 79 ,224 38,713 40,511 00-04
180,791 88,533 92,258 89 ,688 43 ,974 45, 714 91 ,103 44,559 46,544 05-09
191,826 94,358 97,468 92 ,077 45 ,265 46, 812 99 ,749 49,093 50,656 10-14
177,436 87,250 90,186 82 ,587 40 ,266 42, 321 94 ,849 46,984 47,865 15-19
143,855 70,494 73,361 66 ,314 31 ,760 34, 554 77 ,541 38,734 38,807 20-24
114,746 56,365 58,381 52 ,565 25 ,266 27, 299 62 ,181 31,099 31,082 25-29
102,277 50,374 51,903 44 ,310 21 ,580 22, 730 57 ,967 28,794 29,173 30-34
83,763 41,829 41,934 36 ,071 17 ,903 18, 168 47, 692 23,926 23,766 35-39
76,808 38,426 38,382 33 ,069 16 ,608 16, 461 43, 739 21,818 21,921 40-44
Al-Qadisiay-31 31-ةيسداقلا
64,301 32,499 31,802 26 ,277 13 ,406 12, 871 38, 024 19,093 18,931 45-49
58,912 29,792 29,120 24 ,860 12 ,671 12, 189 34, 052 17,121 16,931 50-54
43,291 22,009 21,282 17 ,112 8 ,745 8, 367 26, 179 13,264 12,915 55-59
24,755 13,951 10,804 8, 472 5 ,006 3, 466 16, 283 8,945 7,338 60-64
17,063 9,678 7,385 5, 894 3, 415 2,4 79 11, 169 6,263 4,906 65-69
17,634 9,982 7,652 7, 244 4, 222 3,0 22 10, 390 5,760 4,630 70-74
8,414 4,860 3,554 3, 534 2, 113 1,4 21 4,8 80 2,747 2,133 75-79
3,809 2,322 1,487 1, 599 9 95 6 04 2,2 10 1,327 883 80-84
3,845 2,552 1,293 1, 979 1, 274 7 05 1,8 66 1,278 588 85+ رثكأف
عومجملا
Total 1,477,310 735,412 741,898 67 8,212 33 5,894 342 ,318 7 99,098 399,518 399,580
[569 words in 50 rows]

Con . Table (10/2) )2/10( لودج عبات
ةئيبلا
ENVIRONMENT
عومجملا فير رضح
Governorate ةظفاحملا
Total Rural Urban
دارفلاا ددع ثانلاا روكذلا دارفلاا ثانلاا روكذلا دارفلاا ثانلاا روكذلا
ةيرمعلا ةئفلا
132,391 64,935 67,456 86 ,477 42 ,417 44, 060 45 ,914 22,518 23,396 00-04
139,105 68,088 71,017 88 ,664 43 ,344 45, 320 50 ,441 24,744 25,697 05-09
140,532 68,731 71,801 87 ,342 42 ,666 44, 676 53 ,190 26,065 27,125 10-14
122,402 60,397 62,005 73 ,482 36 ,109 37, 373 48 ,920 24,288 24,632 15-19
94,207 46,223 47,984 55 ,817 26 ,836 28, 981 38, 390 19,387 19,003 20-24
80,395 39,953 40,442 46 ,770 23 ,044 23, 726 33, 625 16,909 16,716 25-29
71,662 35,844 35,818 40 ,421 20 ,186 20, 235 31, 241 15,658 15,583 30-34
57,977 28,860 29,117 32 ,873 16 ,449 16, 424 25, 104 12,411 12,693 35-39
52,859 26,224 26,635 29 ,962 14 ,904 15, 058 22, 897 11,320 11,577 40-44
AL-Muthanna 32-ىنثملا
41,955 21,259 20,696 22 ,150 11 ,445 10, 705 19, 805 9,814 9,991 45-49
36,431 18,676 17,755 19 ,712 10 ,281 9, 431 16, 719 8,395 8,324 50-54
25,098 12,578 12,520 12 ,802 6 ,422 6, 380 12, 296 6,156 6,140 55-59
15,055 8,580 6,475 6, 896 4, 166 2,7 30 8, 159 4,414 3,745 60-64
10,476 5,904 4,572 4, 902 2, 894 2,0 08 5, 574 3,010 2,564 65-69
11,735 6,586 5,149 6, 627 3, 768 2,8 59 5, 108 2,818 2,290 70-74
5,552 3,074 2,478 3, 152 1, 786 1,3 66 2,4 00 1,288 1,112 75-79
2,395 1,438 957 1, 329 82 7 5 02 1,0 66 611 455 80-84
2,860 1,974 886 1, 953 1,33 2 6 21 9 07 642 265 85+ رثكأف
ىتنثملا
1,043,087 519,324 523,763 62 1,331 30 8,876 312 ,455 4 21,756 210,448 211,308
294,047 144,363 149,684 10 3,547 5 0,820 52 ,727 190 ,500 93,543 96,957 00-04
320,000 157,280 162,720 11 0,762 5 4,470 56 ,292 209 ,238 102,810 106,428 05-09
330,117 162,606 167,511 11 1,135 5 4,606 56 ,529 218 ,982 108,000 110,982 10-14
294,472 145,253 149,219 98 ,476 4 7,806 50 ,670 195 ,996 97,447 98,549 15-19
241,080 118,024 123,056 77 ,876 3 6,638 41 ,238 163 ,204 81,386 81,818 20-24
193,981 94,332 99,649 60 ,422 28 ,738 31, 684 133 ,559 65,594 67,965 25-29
172,214 83,133 89,081 49 ,877 23 ,908 25, 969 122 ,337 59,225 63,112 30-34
140,815 67,645 73,170 40 ,041 19 ,675 20, 366 100 ,774 47,970 52,804 35-39
128,745 62,055 66,690 36 ,808 18 ,160 18, 648 91 ,937 43,895 48,042 40-44
Thi-Qar-33 33-راق يذ
108,117 53,751 54,366 30 ,693 15 ,525 15, 168 77 ,424 38,226 39,198 45-49
88,164 44,042 44,122 24 ,829 12 ,590 12, 239 63, 335 31,452 31,883 50-54
66,821 33,056 33,765 18 ,618 9 ,094 9, 524 48, 203 23,962 24,241 55-59
39,757 22,197 17,560 10 ,255 5 ,946 4, 309 29, 502 16,251 13,251 60-64
26,355 14,665 11,690 6, 546 3 ,753 2, 793 19, 809 10,912 8,897 65-69
28,630 16,709 11,921 8, 443 5 ,059 3, 384 20, 187 11,650 8,537 70-74
13,890 8,002 5,888 4, 147 2, 500 1,6 47 9, 743 5,502 4,241 75-79
6,281 3,606 2,675 1, 883 1, 137 7 46 4,3 98 2,469 1,929 80-84
5,982 4,160 1,822 2, 162 1, 476 6 86 3,8 20 2,684 1,136 85+ رثكأف
عومجملا
2,499,468 1,234,879 1,264,589 79 6,520 3 91,901 4 04,619 1,7 02,948 842,978 859,970
[568 words in 50 rows]

CON . Table (10/2) )2/10( لودج عبات
ةئيبلا
ENVIRONMENT
عومجملا فير رضح
Governorate ةظفاحملا
Total Rural Urban
دارفلاا ددع ثانلاا روكذلا دارفلاا ثانلاا روكذلا دارفلاا ثانلاا روكذلا
ةيرمعلا ةئفلا
162,974 79,772 83,202 41 ,192 20 ,047 21, 145 121 ,782 59,725 62,057 00-04
175,364 85,777 89,587 43 ,197 20 ,975 22, 222 132 ,167 64,802 67,365 05-09
179,638 88,400 91,238 41 ,475 20 ,357 21, 118 138 ,163 68,043 70,120 10-14
151,947 74,956 76,991 34 ,447 16 ,609 17, 838 117 ,500 58,347 59,153 15-19
119,707 58,390 61,317 27 ,429 12 ,818 14, 611 92 ,278 45,572 46,706 20-24
95,735 46,561 49,174 21 ,630 10 ,143 11, 487 74, 105 36,418 37,687 25-29
84,319 416,665 42,654 17 ,435 8 ,456 8 ,979 66, 884 33,209 33,675 30-34
72,243 34,776 37,467 14 ,640 7 ,097 7, 543 57, 603 27,679 29,924 35-39
62,219 30,378 31,841 12 ,320 6 ,065 6, 255 49, 899 24,313 25,586 40-44
Misan-34 34-ناسيم
53,319 26,551 26,768 10 ,547 5 ,450 5, 097 26, 768 10,547 5,450 45-49
42,090 21,159 20,931 8, 147 4 ,192 3, 955 33, 943 16,967 16,976 50-54
33,398 16,366 17,032 6, 523 3 ,190 3, 333 26, 875 13,176 13,699 55-59
21,802 12,112 9,690 3, 845 2, 221 1, 624 17, 957 9,891 8,066 60-64
12,827 6,940 5,887 2, 110 1, 193 9 17 10, 717 5,747 4,970 65-69
13,383 7,626 5,757 2, 631 1, 519 1,1 12 10, 752 6,107 4,645 70-74
6,756 3,708 3,048 1, 442 7 97 6 45 5,3 14 2,911 2,403 75-79
3,196 1,617 1,579 66 0 3 29 3 31 2,5 36 1,288 1,248 80-84
2,719 1,805 914 69 9 42 5 2 74 2,0 20 1,380 640 85 رثكأف
عومجملا
Total 1,293,636 638,559 655,077 29 0,369 14 1,883 148 ,486 1,0 03,267 496,676 506,591
412,663 201,705 210,958 79 ,448 3 8,697 40 ,751 333 ,215 163,008 170,207 00-04
465,377 228,161 237,216 84 ,312 4 1,393 42 ,919 381 ,065 186,768 194,297 05-09
480,453 236,106 244,347 81 ,969 4 0,401 41 ,568 398 ,484 195,705 202,779 10-14
437,236 215,702 221,534 71 ,740 3 5,240 36 ,500 365 ,496 180,462 185,034 15-19
350,164 172,587 177,577 57 ,074 2 7,600 29 ,474 293 ,090 144,987 148,103 20-24
271,839 134,650 137,189 43 ,633 2 1,221 22 ,412 228 ,206 113,429 114,777 25-29
242,480 120,229 122,251 35 ,845 1 7,714 18 ,131 206 ,635 102,515 104,120 30-34
227,723 101,586 126,137 29 ,998 1 4,806 15 ,192 197 ,725 86,780 110,945 35-39
183,913 90,999 92,914 26 ,420 13 ,321 13, 099 157 ,493 77,678 79,815 40-44
35-ةرصبلا
Basrah-35 162,947 81,421 81,526 22 ,159 11 ,304 10, 855 140 ,788 70,117 70,671 45-49
133,200 66,549 66,651 17 ,997 9 ,111 8, 886 115 ,203 57,438 57,765 50-54
101,566 51,150 50,416 12 ,690 6 ,304 6, 386 88 ,876 44,846 44,030 55-59
68,458 36,777 31,681 7, 056 4 ,036 3, 020 61, 402 32,741 28,661 60-64
47,872 25,548 22,324 5, 188 2 ,852 2, 336 42, 684 22,696 19,988 65-69
40,864 22,684 18,180 5, 008 2 ,847 2, 161 35, 856 19,837 16,019 70-74
19,293 10,854 8,439 2, 247 1, 316 931 17, 046 9,538 7,508 75-79
10,616 5,862 4,754 1, 137 5 88 5 49 9, 479 5,274 4,205 80-84
7,501 4,849 2,652 1, 076 6 93 3 83 6,4 25 4,156 2,269 85+ رثكأف
3 1 2 1 - 1 2 1 1 نيبم ريغ/Not spacified
عومجملا
Total 3,664,168 1,807,420 1,856,748 58 4,998 2 89,444 2 95,554 3,0 79,170 1,517,976 1,561,194
Grand Total Grand Total
46,118,793 22,957,189 23,161,604 13 ,755,144 6 ,833,089 6, 922,055 32, 363,649 16,124,100 16,239,549
[597 words in 53 rows]
