
2024 ةنسل ناكسلل ماعلا دادعتلا جئاتنل ًاقفو يحاونلاو ةيضقلااو تاظفاحملا بسح ناكسلا دادعا
POPULATION BY GOVERNORATE, ADMINISTRATIVE UNITS UNDER THE RESULTS OF IRAQ POPULATION AND HOUSING CENSUS 2024
Table (11/2) )2/11( لودج
ENVIRONMENT /ةئيبلا
عومجملا فير رضح
Total Rural Urban Governorate/ةظفاحملا
دارفلاا ددع ثانلاا روكذلا دارفلاا ددع ثانلاا روكذلا دارفلاا ددع ثانلاا روكذلا ةيحانلا ءاضقلا
Individuals Female Male Individual Female Male Individual Female Male Nahiya Qadhaa
452,981 225,058 227,923 14 8 6 452,967 225,050 227,917 D.C of Duhok-11011-كوهد ق.م Duhok -1101-كوهد
35,677 17,526 18,151 24,140 11,783 12,357 11,537 5,743 5,794 Zaweeta-11012- هتيواز
8,371 4,173 4,198 5,093 2,529 2,564 3,278 1,644 1,634 Mankeshk-11013-كشيكنام
497,029 246,757 250,272 29,247 14,320 14,927 467,782 232,437 235,345 Duhok-1101-كوهد Total
165,723 82,135 83,588 13,211 6,543 6,668 152,512 75,592 76,920 3-2 Disability survey
Semel -1102-ليمس
596 285 311 596 285 311 Khanki-11024-ىكناخ
166,319 82,420 83,899 13,807 6,828 6,979 152,512 75,592 76,920 Semel- 1102-ليمس Total
297,254 146,899 150,355 297,254 146,899 150,355 D.C Zakho-11031-وخاز ق.م
28,367 14,112 14,255 25,870 12,885 12,985 2,497 1,227 1,270 Razgai-11032-یراكزر
Zakho-1103-وخاز
42,493 21,310 21,183 24,044 12,100 11,944 18,449 9,210 9,239 Derkar(Al-Sindi)-11033-)یدنسلا( راكر هد
30,762 15,325 15,437 28,327 14,103 14,224 2,435 1,222 1,213 Batel-11035-ليتاب
398,876 197,646 201,230 78,241 39,088 39,153 320,635 158,558 162,077 Zakho-1103-وخاز Total
8,456 4,179 4,277 152 75 77 8,304 4,104 4,200 D.C of Amedi-11041-یدێمائ ق.م
21,447 10,653 10,794 3,519 1,741 1,778 17,928 8,912 9,016 Sersenk-11042-كنسرس
4,166 2,036 2,130 3,776 1,860 1,916 390 176 214 Cani Masi-11043- ێسام یناك
Amedi-1104-یدێمائ
18,796 9,188 9,608 6,538 3,164 3,374 12,258 6,024 6,234 Deralok-11044- كول هرێد
3,580 1,784 1,796 993 498 495 2,587 1,286 1,301 Chemanki-11045-ێكنام هچ
5,606 2,787 2,819 3,289 1,672 1,617 2,317 1,115 1,202 Bamerana-11046-ێنر هماب
41,456 20,497 20,959 1,577 803 774 39,879 19,694 20,185 Sheladezi-11047-ێزدلاێش
Duhok-11-كوهد
103,507 51,124 52,383 19,844 9,813 10,031 83,663 41,311 42,352 Amedi-1104-یدێمائ Total
45,402 22,542 22,860 14,412 7,068 7,344 30,990 15,474 15,516 Kasrok-11052-كورسق
7,037 3,522 3,515 6,441 3,235 3,206 596 287 309 Atreesh-11053-شيرت هئ Shikhan-1105-ناخيش
2,226 1,083 1,143 2,226 1,083 1,143 Baethri-11054-ىرذعاب
14,614 7,214 7,400 4,039 1,982 2,057 10,575 5,232 5,343 Kelkechi-11056-یجكلك
69,279 34,361 34,918 27,118 13,368 13,750 42,161 20,993 21,168 Shikhan-1105-ناخيش Total
114,638 57,354 57,284 9,268 4,630 4,638 105,370 52,724 52,646 D.C of Akri-11061-یرکائ ق.م
29,589 14,719 14,870 23,056 11,460 11,596 6,533 3,259 3,274 Dinarta-11062-هترانيد
Akri-1106-یركائ
22,163 11,106 11,057 15,270 7,656 7,614 6,893 3,450 3,443 Bejel-11063-ليجب
49,756 24,955 24,801 43,799 21,962 21,837 5,957 2,993 2,964 Kurdsin-11064-نيسدرك
216,146 108,134 108,012 91,393 45,708 45,685 124,753 62,426 62,327 Akri-1106-یركائ Total
47,199 23,242 23,957 6,024 2,950 3,074 41,175 20,292 20,883 D.C of Bardresh- 11071-شردرب ق.م
34,371 17,063 17,308 24,751 12,338 12,413 9,620 4,725 4,895 Dartu-11072-وتراد
48,145 23,858 24,287 33,624 16,660 16,964 14,521 7,198 7,323 Rovia-11073- ايفور
129,715 64,163 65,552 64,399 31,948 32,451 65,316 32,215 33,101 Bardresh-1107-شردرب Total
13,725 6,745 6,980 262 129 133 13,463 6,616 6,847 D.C of Bativa-11081-افيتاب ق.م
1108-افيتاب
5,275 2,557 2,718 2,014 975 1,039 3,261 1,582 1,679 Begova-11082-اڤوگێب
19,000 9,302 9,698 2,276 1,104 1,172 16,724 8,198 8,526 Bativa-1108-افيتاب Total
1,599,871 793,907 805,964 326,325 162,177 164,148 1,273,546 631,730 641,816 Governorate Total ةظفاحملا عومجم Duhok Total-11-كوهد
[493 words in 52 rows]

Co. Table (11/2) )2/11( لودج عبات
ENVIRONMENT /ةئيبلا
عومجملا فير رضح
Total Rural Urban
دارفلاا ددع ثانلاا روكذلا دارفلاا ددع ثانلاا روكذلا دارفلاا ددع ثانلاا روكذلا ةيحانلا ءاضقلا
Governorate/ةظفاحملا
Individuals Female Male Individual Female Male Individual Female Male Nahiya Qadhaa
1,879,690 944,703 934,987 350,306 175,087 175,219 1,529,384 769,616 759,768 D.C of Mousil-12011-لصوملا ق.م
130,192 64,603 65,589 103,102 50,976 52,126 27,090 13,627 13,463 Baashiqa-12012-ةقيشعب
57,908 29,084 28,824 49,410 24,672 24,738 8,498 4,412 4,086 Al-Shora-12013-ةروشلا
Mousil-1201-لصوملا
77,818 39,248 38,570 54,463 27,519 26,944 23,355 11,729 11,626 Hammam Al-Aleel-12014- ليلعلا مامح
170,728 85,235 85,493 149,076 74,583 74,493 21,652 10,652 11,000 Al-Gaiara-12015- ةرايقلا
30,198 15,138 15,060 20,120 10,146 9,974 10,078 4,992 5,086 Al-Mahallabiya-12016-ةيبلحملا
2,346,534 1,178,011 1,168,523 726,477 362,983 363,494 1,620,057 815,028 805,029 Mousil-1201-لصوملا Total
100,571 50,069 50,502 72,677 36,426 36,251 27,894 13,643 14,251 D.C of Al-Hamdaniya-12031-ةينادمحلا ق.م
57,118 28,680 28,438 52,128 26,154 25,974 4,990 2,526 2,464 Nemrood-12033- دورمن Al-Hamdaniya-1203- ةينادمحلا
92,119 45,460 46,659 73,965 36,469 37,496 18,154 8,991 9,163 Burtella-12034- ةلطرب
249,808 124,209 125,599 198,770 99,049 99,721 51,038 25,160 25,878 Al-Hamdaniya-1203- ةينادمحلا Total
113,593 56,623 56,970 87,635 43,630 44,005 25,958 12,993 12,965 D.C of Telkef-12041-فيكلت ق.م
55,211 27,557 27,654 39,694 19,882 19,812 15,517 7,675 7,842 Wana-12042- ةناو
Telkef-1204-فيكلت
51,472 25,938 25,534 40,345 20,228 20,117 11,127 5,710 5,417 Al-Gosh-12043- شوقلا
186,456 92,768 93,688 120,931 60,498 60,433 65,525 32,270 33,255 Faeda-12044-ةدياف
406,732 202,886 203,846 288,605 144,238 144,367 118,127 58,648 59,479 Telkef-1204-فيكلت Total
54,778 27,400 27,378 28,528 14,213 14,315 26,250 13,187 13,063 D.C of Senjar-12051-راجنس ق.م
116,193 57,770 58,423 43,735 21,733 22,002 72,458 36,037 36,421 al-Shemal-12052-لامشلا Senjar-1205-راجنس
30,031 15,130 14,901 15,253 7,700 7,553 14,778 7,430 7,348 Al-Qairawan-12053-ناوريقلا
201,002 100,300 100,702 87,516 43,646 43,870 113,486 56,654 56,832 Senjar-1205-راجنس Total Nineveh-12-ىونين
217,852 108,847 109,005 39,395 19,857 19,538 178,457 88,990 89,467 12061-رفعلت ق.م
136,871 68,306 68,565 114,499 57,161 57,338 22,372 11,145 11,227 Zamar-12062-رامز
Tellaafar-1206-رفعلت
120,582 60,966 59,616 100,307 50,716 49,591 20,275 10,250 10,025 Rabea-12063-ةعيبر
71,106 35,880 35,226 62,764 31,705 31,059 8,342 4,175 4,167 Al-Ayadhiya-12064-ةيضايعلا
546,411 273,999 272,412 316,965 159,439 157,526 229,446 114,560 114,886 Telaafer-1206-رفعلت Total
72,343 35,844 36,499 37,720 18,627 19,093 34,623 17,217 17,406 D.C of sheikhan-12071-ناخيشلا ق.م
sheikhan-1207-ناخيشلا
45,278 22,458 22,820 34,504 17,259 17,245 10,774 5,199 5,575 Zelgan-12072-ناكليز
117,621 58,302 59,319 72,224 35,886 36,338 45,397 22,416 22,981 Sheikhan Total-1207-ناخيشلا
15,746 7,994 7,752 8,967 4,577 4,390 6,779 3,417 3,362 D.C of Hadhar-12081-رضحلا ق.م
1208-رضحلا
44,694 22,452 22,242 27,260 13,673 13,587 17,434 8,779 8,655 12082- لتلا
60,440 30,446 29,994 36,227 18,250 17,977 24,213 12,196 12,017 Hadhar-1208-رضحلا Total
78,980 39,807 39,173 43,625 22,068 21,557 35,355 17,739 17,616 D.C of Al-Baaj-12091-جاعبلا ق.م
Al-Baaj-1209-جاعبلا
42,095 20,997 21,098 24,232 12,191 12,041 17,863 8,806 9,057 Al-Qahtaniya-12092-ةيناطحقلا
121,075 60,804 60,271 67,857 34,259 33,598 53,218 26,545 26,673 Al-Baaj-1209-جاعبلا Total
52,076 25,856 26,220 26,008 12,900 13,108 26,068 12,956 13,112 D.C of Makhmoor-12111-رومخم ق.م
91,708 45,963 45,745 78,453 39,347 39,106 13,255 6,616 6,639 Al-Qwaer-12112-ريوكلا
22,271 11,039 11,232 11,892 5,898 5,994 10,379 5,141 5,238 Debka-12113-ةكبيد Makhmoor-1211-رومخم
25,927 12,833 13,094 21,552 10,689 10,863 4,375 2,144 2,231 Keraj-12114-جارق
20,375 10,110 10,265 17,821 8,846 8,975 2,554 1,264 1,290 Melaqera-12115-ةرةقلاةم
212,357 105,801 106,556 155,726 77,680 78,046 56,631 28,121 28,510 Makhmoor-1211-رومخم Total
4,261,980 2,134,758 2,127,222 1,950,367 975,430 974,937 2,311,613 1,159,328 1,152,285 Governorate Total /ةظفاحملا عومجم Nineveh-12-ىونين Total
[510 words in 54 rows]

Co. Table (11/2) )2/11( لودج عبات
ENVIRONMENT /ةئيبلا
عومجملا فير رضح
Total Rural Urban
دارفلاا ددع ثانلاا روكذلا دارفلاا ددع ثانلاا روكذلا دارفلاا ددع ثانلاا روكذلا ةيحانلا ءاضقلا
Governorate/ةظفاحملا
Individuals Female Male Individual Female Male Individual Female Male Nahiya Qadhaa
828,850 412,168 416,682 828,850 412,168 416,682 13011-ةيناميلسلا ق.م Sulaimaniya-13-ةيناميلسلا
1301-ةيناميلسلا
155,715 75,928 79,787 16,101 6,799 9,302 139,614 69,129 70,485 13012-ؤجةركةب
71,502 34,943 36,559 43,643 21,256 22,387 27,859 13,687 14,172 13014-ۆرهجنات
1,056,067 523,039 533,028 59,744 28,055 31,689 996,323 494,984 501,339 Sulaimaniya-1301-ةيناميلسلا Total
6,047 2,959 3,088 3,923 1,910 2,013 2,124 1,049 1,075 D.C of Qaradag-13021-غادەرهق ق.م
Qaradag-1302-غادەرهق
1,543 749 794 1,019 493 526 524 256 268 Siosinan-13022- نانێسوێس
7,590 3,708 3,882 4,942 2,403 2,539 2,648 1,305 1,343 Qaradag-1302-غادەرهق Total
43,889 21,712 22,177 43,889 21,712 22,177 Hanebaje Taza13031-ەزات یهجبهڵهه
1303-رووز ەراش
29,887 14,808 15,079 7,698 3,755 3,943 22,189 11,053 11,136 Warmawa-13032- اوامراو
73,776 36,520 37,256 7,698 3,755 3,943 66,078 32,765 33,313 Sharazoor-1303-رووز ەراش Total
90,629 44,450 46,179 13,507 6,570 6,937 77,122 37,880 39,242 D.C of Saed Sadiq-13041-قداص ديهس ق.م
1304-قداص ديهس
2,618 1,289 1,329 1,958 951 1,007 660 338 322 Serjook-13042-كچۆرس
93,247 45,739 47,508 15,465 7,521 7,944 77,782 38,218 39,564 Saed Sadiq-1304-قداص ديهس Total
75,922 38,044 37,878 75,922 38,044 37,878 D.C of Halabcha-13051-هجبهڵهه ق.م
11,420 5,659 5,761 3,140 1,520 1,620 8,280 4,139 4,141 Serwan-13052-ناوريس
20,958 10,465 10,493 7,470 3,665 3,805 13,488 6,800 6,688 khourmal-13053-ڵامروخ Halabcha-1305-هجبهڵهه
5,049 2,469 2,580 1,279 623 656 3,770 1,846 1,924 Biyara-13054-ەرايب
577 279 298 292 127 165 285 152 133 Bemo-13055- ۆمهب
113,926 56,916 57,010 12,181 5,935 6,246 101,745 50,981 50,764 Halabcha-1305-هجبهڵهه Total
39,779 19,538 20,241 3,012 1,439 1,573 36,767 18,099 18,668 D.C of panjwin-13061-نێوجنێپ ق.م
8,552 4,184 4,368 7,254 3,560 3,694 1,298 624 674 Garmak-13062-كمرهگ panjwin-1306-نێوجنێپ
3,920 1,906 2,014 3,490 1,695 1,795 430 211 219 Talbareez-13063-زێراپڵان
52,251 25,628 26,623 13,756 6,694 7,062 38,495 18,934 19,561 Panjwin-1306-نێوجنێپ
6,900 3,332 3,568 2,727 1,317 1,410 4,173 2,015 2,158 Chwarta-13071-اتراوچ
1,167 560 607 1,049 501 548 118 59 59 Ceyoueel-13072- ليەويس
7,810 3,784 4,026 4,827 2,332 2,495 2,983 1,452 1,531 Sharpazer-1307-رێژابراش
1,123 537 586 947 446 501 176 91 85 Zellan-13074- نلاەز
2,646 1,291 1,355 2,188 1,052 1,136 458 239 219 Kabellyon-13075-نۆڵێپاگ
19,646 9,504 10,142 11,738 5,648 6,090 7,908 3,856 4,052 Sharbazeer Total -1307-رێژابراش
3,843 1,879 1,964 2,977 1,442 1,535 866 437 429 D.C of Maut-13081-تەوام ق.م 1308-تەوام
3,843 1,879 1,964 2,977 1,442 1,535 866 437 429 Maut Total1308-تەوام
89,629 44,276 45,353 3,838 1,869 1,969 85,791 42,407 43,384 Kalladzaa-13091-ێزدڵاهق
1,057 518 539 704 345 359 353 173 180 Hero-13092-ۆرێه
7,787 3,878 3,909 4,581 2,312 2,269 3,206 1,566 1,640 13093-ۆشلهه
Beshdar-1309-رەدشپ
15,809 7,785 8,024 4,563 2,237 2,326 11,246 5,548 5,698 Zharaw-13094-اواراژ
25,439 12,609 12,830 14,120 7,005 7,115 11,319 5,604 5,715 Nawdasht-13095-تشەدوان
967 477 490 634 303 331 333 174 159 Esyawa-13096-ەوێسيئ
140,688 69,543 71,145 28,440 14,071 14,369 112,248 55,472 56,776 Beshdar Total-1309-رەدشپ Total
114,794 56,324 58,470 621 298 323 114,173 56,026 58,147 D.C of Rania-13101-ةيناڕ ق.م
58,760 28,925 29,835 8,261 4,142 4,119 50,499 24,783 25,716 Juwar Qurna-13102-هنروقراوچ
Rania-1310-ةيناڕ
16,767 8,348 8,419 3,294 1,624 1,670 13,473 6,724 6,749 bitwata-13104-هتاوتێب
7,379 3,708 3,671 3,144 1,576 1,568 4,235 2,132 2,103 Ceraka Bakan-13105-ناكپهكرهس
197,700 97,305 100,395 15,320 7,640 7,680 182,380 89,665 92,715 Rania Total-1310-ةيناڕ Total
16,074 8,027 8,047 4,931 2,440 2,491 11,143 5,587 5,556 D.C Dokan-13111-ناكود ق.م
4,495 2,219 2,276 3,616 1,781 1,835 879 438 441 Sourdash-13112-شادروس
40,662 19,064 21,598 8,058 2,890 5,168 32,604 16,174 16,430 Beera Maqroun-13113-نورگهم ەريپ
Dokan-1311-ناكود
5,838 2,892 2,946 2,866 1,400 1,466 2,972 1,492 1,480 Khalla Kan-13114-ناكهلهخ
2,894 1,387 1,507 1,551 754 797 1,343 633 710 Khadran-13115-ناردخ
5,204 2,544 2,660 4,174 2,023 2,151 1,030 521 509 Benkard-13116-درگنب
75,167 36,133 39,034 25,196 11,288 13,908 49,971 24,845 25,126 Dokan Total1311-ناكود
54,896 27,047 27,849 2,783 1,353 1,430 52,113 25,694 26,419 D.C of Derbendikhan-13121-ناخيدنهبرەد ق.م
Derbendikhan-1312-ناخيدنهبرەد
1,250 626 624 642 305 337 608 321 287 Bawkhousheen-13122- نێشۆخەواب
56,146 27,673 28,473 3,425 1,658 1,767 52,721 26,015 26,706 Derbendikhan Total-1312-ناخيدنهبرەد
152,954 76,006 76,948 5,424 2,676 2,748 147,530 73,330 74,200 D.C Of Kalar-13131-رلاهك ق.م
51,073 25,329 25,744 2,251 1,077 1,174 48,822 24,252 24,570 Reskary-13132-یراگزڕ
1313-رلاهك
7,256 3,519 3,737 1,687 831 856 5,569 2,688 2,881 Bebaz-13133-زابێپ
2,169 1,033 1,136 1,702 809 893 467 224 243 Sheeq Ta Weel-13134-ليوهت خێش
213,452 105,887 107,565 11,064 5,393 5,671 202,388 100,494 101,894 kalar Total-1313-رلا هك Total
[691 words in 74 rows]

Co. Table (11/2) )2/11( لودج عبات
ENVIRONMENT /ةئيبلا
عومجملا فير رضح
Total Rural Urban
دارفلاا ددع ثانلاا روكذلا دارفلاا ددع ثانلاا روكذلا دارفلاا ددع ثانلاا روكذلا ةيحانلا ءاضقلا
Individuals Female Male Individual Female Male Individual Female Male Nahiya Qadhaa
34,418 17,364 17,054 1,084 544 540 33,334 16,820 16,514 D.C of Kifri-13141-یرفك ق.م
959 455 504 898 428 470 61 27 34 Awa Cepi-13142-یپس ەوائ
9,034 4,490 4,544 7,004 3,455 3,549 2,030 1,035 995 Cerakoulla-13143-ڵاهقرهس Kifri-1314-یرفك
111 55 56 77 36 41 34 19 15 Nojwal-13144-لوجوهن
6,192 3,079 3,113 6,192 3,079 3,113 Kokass-13145-سكۆك
50,714 25,443 25,271 15,255 7,542 7,713 35,459 17,901 17,558 Kifri Total-1314-یرفك
43,558 21,684 21,874 965 478 487 42,593 21,206 21,387 D.C of Chamchamal-13151-لامةجمةج ق.م
31,328 15,599 15,729 1,368 704 664 29,960 14,895 15,065 Shorush-13152-شرِؤش
4,931 2,464 2,467 3,501 1,737 1,764 1,430 727 703 Cenkaw-13153-واكنةس
23,645 11,634 12,011 1,346 642 704 22,299 10,992 11,307 Ta kya-13154-ةيكةت Chamchamal-1315-لامةجمةج
5,657 2,761 2,896 3,969 1,936 2,033 1,688 825 863 Agjalare-13155-ر ةلةجغائ
315 154 161 231 106 125 84 48 36 Kadr karam-13156-مةرةكرداق
68 35 33 50 26 24 18 9 9 Tak ya gebari -13157-ىرابةج ىةيكةت
109,502 54,331 55,171 11,430 5,629 5,801 98,072 48,702 49,370 Chamchamal Total-1315-لامةجمةج Total
5,253 2,557 2,696 4,533 2,209 2,324 720 348 372 13161- ناديهم
Khanakeen-1316-نيقهناخ
12,801 6,307 6,494 8,353 4,114 4,239 4,448 2,193 2,255 Quratwo-13163- ووت ەرۆق
18,054 8,864 9,190 12,886 6,323 6,563 5,168 2,541 2,627 Khanakeen Total-1316-نيقهناخ
53,167 25,989 27,178 9,504 4,092 5,412 43,663 21,897 21,766 D.C of Bazyan-13171-نايزاب ق.م Bazyan-1317-نايزاب
53,167 25,989 27,178 9,504 4,092 5,412 43,663 21,897 21,766 Bazyan Total -1317-نايزاب
66,788 32,907 33,881 3,608 1,741 1,867 63,180 31,166 32,014 D.C of Hajyawa-13181-اوايجاح ق.م Hajyawa-1318-اوايجاح
66,788 32,907 33,881 3,608 1,741 1,867 63,180 31,166 32,014 Hajyawa Total1318-اوايجاح
Sulaiman iy a -1 3-ةيناميلسلا
2,401,724 1,187,008 1,214,716 264,629 126,830 137,799 2,137,095 1,060,178 1,076,917 Governorate Total /ةظفاحملا عومجم
T o ta l
1,271,279 638,611 632,668 22,082 11,036 11,046 1,249,197 627,575 621,622 D.C of Kirkuk-14011-كوكرك ق.م Kirkuk-14-كوكرك
54,593 27,409 27,184 47,927 24,062 23,865 6,666 3,347 3,319 Yaji-14012-يجياي
54,860 27,225 27,635 23,318 11,595 11,723 31,542 15,630 15,912 Alton kubri-14013-يربوك نوتلا
10,234 5,216 5,018 10,054 5,135 4,919 180 81 99 Al-Multaqa (Mullah Abdullah)-14014-)اللهدبع لام(ىقتلملا
Kirkuk-1401-كوكرك
43,717 21,955 21,762 21,929 11,082 10,847 21,788 10,873 10,915 Taza Khurmatu-14016-وتامروخ ةزات
45,412 22,881 22,531 34,756 17,445 17,311 10,656 5,436 5,220 Laylan-14017-نلايل
31,380 15,510 15,870 27,307 13,492 13,815 4,073 2,018 2,055 Shwan-14018-ناوش
37,979 18,698 19,281 26,059 12,795 13,264 11,920 5,903 6,017 14019-Qarrahnajir (Al-Rabee))عيبرلا( ريجنةهةرةق
1,549,454 777,505 771,949 213,432 106,642 106,790 1,336,022 670,863 665,159 Kirkuk Total-1401-كوكرك
137,304 69,470 67,834 98,402 49,759 48,643 38,902 19,711 19,191 D.C of Al-Hawiga-14021-ةجيوحلا ق.م
63,477 32,096 31,381 49,835 25,278 24,557 13,642 6,818 6,824 Al-Abassi-14022-يسابعلا
Al-Hawiga-1402-ةجيوحلا
47,230 24,153 23,077 38,139 19,469 18,670 9,091 4,684 4,407 Al-Riadh-14023-ضايرلا
73,288 36,868 36,420 53,817 26,934 26,883 19,471 9,934 9,537 Al-Zab-14024-بازلا
321,299 162,587 158,712 240,193 121,440 118,753 81,106 41,147 39,959 Al-Hawiga Total-1402-ةجيوحلا
72,972 37,099 35,873 27,311 13,853 13,458 45,661 23,246 22,415 D.C of Daquq-14031-قوقاد ق.م Daquq-1403-قوقاد
12,801 6,740 6,061 11,891 6,237 5,654 910 503 407 Al-Rashad-14032-داشرلا
85,773 43,839 41,934 39,202 20,090 19,112 46,571 23,749 22,822 1403-قوقاد Total
54,614 27,442 27,172 23,678 11,925 11,753 30,936 15,517 15,419 D.C of Dibs-14041-سبد ق.م
1404-سبد
23,487 11,493 11,994 22,087 10,830 11,257 1,400 663 737 Serkran (Al- qudis)-14042-)سدقلا( ناركرس
78,101 38,935 39,166 45,765 22,755 23,010 32,336 16,180 16,156 Dibs total-1404-سبد
2,034,627 1,022,866 1,011,761 538,592 270,927 267,665 1,496,035 751,939 744,096 Governorate Total /ةظفاحملا عومجم Kirkuk-14-كوكرك Total
[552 words in 55 rows]

Co. Table (11/2) )2/11( لودج عبات
ENVIRONMENT /ةئيبلا
عومجملا فير رضح
Total Rural Urban
دارفلاا ددع ثانلاا روكذلا دارفلاا ددع ثانلاا روكذلا دارفلاا ددع ثانلاا روكذلا ةيحانلا ءاضقلا Governorate/ةظفاحملا
Individuals Female Male Individual Female Male Individual Female Male Nahiya Qadhaa
1,061,354 528,462 532,892 60,135 29,505 30,630 1,001,219 498,957 502,262 D.C of Erbil-15011-ليبرا ق . م
168,372 83,579 84,793 37,854 18,719 19,135 130,518 64,860 65,658 Beharka-15012-ةكرحةب Erbil-1501-ليبرا
58,812 28,886 29,926 48,107 23,643 24,464 10,705 5,243 5,462 sh mamk-15014-كمامةش
1,288,538 640,927 647,611 146,096 71,867 74,229 1,142,442 569,060 573,382 Erbil Total-1501-ليبرا
68,360 33,939 34,421 3,173 1,538 1,635 65,187 32,401 32,786 D.C of Benselawa-15021-ةولآسةنب ق . م
68,989 34,191 34,798 7,629 3,681 3,948 61,360 30,510 30,850 Darato-15022-ووتةراد
Benselawa-1502-ةولآسةنب
175,392 87,059 88,333 28,753 14,139 14,614 146,639 72,920 73,719 Kasnazan-15024-نازةنسةك
2,525 1,299 1,226 2,525 1,299 1,226 Bestana-15025-ةناتسيب
315,266 156,488 158,778 42,080 20,657 21,423 273,186 135,831 137,355 Benselawa Total-1502-ةولآسةنب
91,589 45,587 46,002 91,589 45,587 46,002 D.C of Sowran-15031-ناروس ق.م
Sowran-1503-ناروس
88,007 43,977 44,030 7,443 3,735 3,708 80,564 40,242 40,322 Diyana-15033-هنايد
179,596 89,564 90,032 7,443 3,735 3,708 172,153 85,829 86,324 Sowran Total-1503-ناروس
32,599 16,299 16,300 32,599 16,299 16,300 D.C of Shaqlawa-15041-ةولاقةش ق.م
6,741 3,330 3,411 4,623 2,274 2,349 2,118 1,056 1,062 Heran-15044-ناريه Shaqlawa-1504-ةولاقةش
4,832 2,376 2,456 2,915 1,438 1,477 1,917 938 979 Balisan-15046-ناسيلاب
44,172 22,005 22,167 7,538 3,712 3,826 36,634 18,293 18,341 1504-ةولاقةش Total
14,169 7,057 7,112 314 157 157 13,855 6,900 6,955 D.C of Chouman-15051-نامۆچ ق.م
3,151 1,584 1,567 1,226 618 608 1,925 966 959 Hachi Uomeran-15052-نارهمۆئ یجاح
3,114 1,570 1,544 2,388 1,202 1,186 726 368 358 Cemellan-15053-نلايمس Chouman-1505-نامۆچ
2,251 1,128 1,123 1,635 820 815 616 308 308 Kalalla-15054-هڵڵاهگ
5,465 2,691 2,774 944 458 486 4,521 2,233 2,288 Kasiri-15055-ێرسهق
28,150 14,030 14,120 6,507 3,255 3,252 21,643 10,775 10,868 Chouman Total-1505-نامۆچ
73,227 36,643 36,584 4,848 2,355 2,493 68,379 34,288 34,091 D.C of Coya-15061-ةيؤك ق.م
19,759 9,745 10,014 4,877 2,398 2,479 14,882 7,347 7,535 Taqtaq-15062-قةت قةت
5,787 2,911 2,876 5,104 2,576 2,528 683 335 348 Showrash-15063-شرؤش Coya-1506-ةيؤك
4,910 2,452 2,458 3,444 1,715 1,729 1,466 737 729 Nashti-15064-يتشائ
2,843 1,346 1,497 1,529 707 822 1,314 639 675 Cektan15065-ناكتيس
3,646 1,790 1,856 2,458 1,187 1,271 1,188 603 585 Cekerdkan-15066-ناكدركَيس
110,172 54,887 55,285 22,260 10,938 11,322 87,912 43,949 43,963 Coya Total-1506-ةيؤك
2,771 1,417 1,354 1,096 562 534 1,675 855 820 D.C of Merka Sour-15081-روسةكريم ق.م
23,046 11,905 11,141 13,294 6,910 6,384 9,752 4,995 4,757 Barzan-15082-نازراب Erbil-15-ليبرا
9,976 4,887 5,089 6,995 3,432 3,563 2,981 1,455 1,526 Beeran-15083-ناريب
Merka Sour-1508-روسةكريم
7,058 3,575 3,483 5,225 2,679 2,546 1,833 896 937 Sheerwan Mezen-15084-نزةم ناورَيش
6,271 3,129 3,142 2,803 1,443 1,360 3,468 1,686 1,782 Mezni-15085-ىَنزةم
12,744 6,404 6,340 8,774 4,422 4,352 3,970 1,982 1,988 Koratwo-15086-ووتةروك
61,866 31,317 30,549 38,187 19,448 18,739 23,679 11,869 11,810 Merka Sour Total-1508-روسةكريم
54,653 27,323 27,330 5,276 2,684 2,592 49,377 24,639 24,738 D.C of Khabat-15091-تابةخ ق.م
60,129 30,020 30,109 14,975 7,423 7,552 45,154 22,597 22,557 Rizkary-15093-يراكزر Khabat-1509-تابةخ
33,265 16,676 16,589 9,069 4,551 4,518 24,196 12,125 12,071 Kaworsok-15094-كسؤكروةك
148,047 74,019 74,028 29,320 14,658 14,662 118,727 59,361 59,366 Khabat Total-1509-تابةخ
22,201 11,052 11,149 6,763 3,337 3,426 15,438 7,715 7,723 D.C of Rawandooz 15101- زودناورِ ق.م
Rawandooz-1510-زودناورِ
4,778 2,372 2,406 3,256 1,589 1,667 1,522 783 739 Warti-َ15102-يَترةو
26,979 13,424 13,555 10,019 4,926 5,093 16,960 8,498 8,462 Rawandooz Total-1510-زودناورِ
40,708 19,971 20,737 40,708 19,971 20,737 D.C of Aynkawa-15111-ةواكنةع ق.م Aynkawa-1511-ةواكنةع
40,708 19,971 20,737 40,708 19,971 20,737 1511-ةواكنةع Total
54,045 27,019 27,026 15,359 7,564 7,795 38,686 19,455 19,231 D.C of Bearmam-15121-مامريپ ق.م
11,028 5,431 5,597 11,028 5,431 5,597 Kora- 15122-ىروك
Bearmam-1512-مامريپ
7,892 3,901 3,991 7,892 3,901 3,991 Bastora-15123-ةرِؤتسةب
23,748 12,014 11,734 22,653 11,465 11,188 1,095 549 546 Darashakran-15125-نارکهشەراد
96,713 48,365 48,348 38,012 19,029 18,983 58,701 29,336 29,365 Bearmam Total-1512-مامريپ
16,277 8,335 7,942 10,462 5,403 5,059 5,815 2,932 2,883 D.C of Sayda Kan-15131-ناكةديس ق.م
Sayda Kan-1513-ناكةديس
2,932 1,487 1,445 2,932 1,487 1,445 15132-شةرِةيناك
19,209 9,822 9,387 10,462 5,403 5,059 8,747 4,419 4,328 Sayda Kan Total-l1513-ناكةديس
54,622 27,184 27,438 20,332 10,000 10,332 34,290 17,184 17,106 D.C of Qosh Tba-15141-هبت هشوق ق.م Qosh Tba-1514-هبت هشوق
54,622 27,184 27,438 20,332 10,000 10,332 34,290 17,184 17,106 Qosh Tba Total-1514-هبت هشوق
34,081 16,890 17,191 14,190 7,026 7,164 19,891 9,864 10,027 D.C of Khephan-15151-نافيلخ ق.م Khephan-1515-نافيلخ
5,828 2,887 2,941 5,828 2,887 2,941 Sryashma-15152-ةمشَيرس
39,909 19,777 20,132 14,190 7,026 7,164 25,719 12,751 12,968 Khephan Total-1515-نافيلخ
40,855 20,379 20,476 8,684 4,347 4,337 32,171 16,032 16,139 D.C of Hareer-15161-ريرهه ق.م
Hareer-1516-ريرهه
22,732 11,387 11,345 13,769 6,874 6,895 8,963 4,513 4,450 Basyrma-15162-ةمرساب
63,587 31,766 31,821 22,453 11,221 11,232 41,134 20,545 20,589 Hareer Total-1516-ريرهه
2,517,534 1,253,546 1,263,988 414,899 205,875 209,024 2,102,635 1,047,671 1,054,964 Governorate Total ةظفاحملا عومجم Erbil-15-ليبرا Total
[739 words in 75 rows]

Co. Table (11/2) )2/11( لودج عبات
ENVIRONMENT /ةئيبلا
عومجملا فير رضح
Total Rural Urban
دارفلاا ددع ثانلاا روكذلا دارفلاا ددع ثانلاا روكذلا دارفلاا ددع ثانلاا روكذلا ةيحانلا ءاضقلا
Governorate/ةظفاحملا
Individuals Female Male Individual Female Male Individual Female Male Nahiya Qadhaa
385,551 193,838 191,713 385,551 193,838 191,713 D.C of Baquba-21011-ةبوقعب ق.م
61,909 30,948 30,961 33,178 16,639 16,539 28,731 14,309 14,422 Kanan-21012-ناعنك
103,412 51,709 51,703 72,350 36,162 36,188 31,062 15,547 15,515 Beny saad-21013-دعس ينب Baquba-2101-ةبوقعب
68,528 34,419 34,109 17,435 8,652 8,783 51,093 25,767 25,326 Buhriz (Ashnouna)-21014-)انونشأ( زرهب
94,958 47,301 47,657 92,975 46,335 46,640 1,983 966 1,017 Al-Abbara-21015-)ربعملا( ةرابعلا
40,427 19,641 20,786 40,427 19,641 20,786 Mohamed Sekran-21016-ناركس دمحم
754,785 377,856 376,929 256,365 127,429 128,936 498,420 250,427 247,993 2101-ةبوقعب Total
169,011 84,503 84,508 71,005 35,315 35,690 98,006 49,188 48,818 D.C of Al-Muqdadia-21021-ةيدادقملا ق.م
35,326 17,729 17,597 23,939 11,995 11,944 11,387 5,734 5,653 Abi Seda-21022-اديص يبأ Al-Muqdadia-2102-ةيدادقملا
50,009 24,980 25,029 39,501 19,793 19,708 10,508 5,187 5,321 Al-Wajihia-21023-ةيهيجولا
254,346 127,212 127,134 134,445 67,103 67,342 119,901 60,109 59,792 Al-Muqdadia Total-2102-ةيدادقملا
131,109 65,803 65,306 62,316 31,114 31,202 68,793 34,689 34,104 D.C of Al-Khalis-21031-صلاخلا ق.م
70,239 34,921 35,318 48,866 24,239 24,627 21,373 10,682 10,691 Hibhib-21033-بهبه
23,354 11,918 11,436 16,656 8,510 8,146 6,698 3,408 3,290 Al-Sad Al-Adim-21034-ميظعلا دسلا
Al-Khalis-2103-صلاخلا
34,390 17,324 17,066 27,901 14,054 13,847 6,489 3,270 3,219 Al-Salam-21035-ملاسلا
51,865 25,358 26,507 51,865 25,358 26,507 Gdadat al-Shat-21036-طشلا ةديدج Diyala-21-ىلايد
45,438 22,774 22,664 45,438 22,774 22,664 Jisny al-Jol-21037-لوجلا ينازيج
356,395 178,098 178,297 253,042 126,049 126,993 103,353 52,049 51,304 Al-Khalis Total-2103-صلاخلا
127,212 63,618 63,594 25,708 12,759 12,949 101,504 50,859 50,645 D.C of Khanaqin-21041-نيقناخ ق.م
93,800 46,764 47,036 29,925 14,933 14,992 63,875 31,831 32,044 Jalawla-21044-ءلاولج Khanaqin-2104-نيقناخ
39,895 19,923 19,972 27,245 13,583 13,662 12,650 6,340 6,310 Al-Saadia- 21045-ةيدعسلا
260,907 130,305 130,602 82,878 41,275 41,603 178,029 89,030 88,999 Khanaqin Total- 2104-نيقناخ
117,497 58,793 58,704 49,725 24,759 24,966 67,772 34,034 33,738 D.C of Baladroos- 21051-زوردلب ق.م Baladroos-2105-زوردلب
117,497 58,793 58,704 49,725 24,759 24,966 67,772 34,034 33,738 Baladroos Total- 2105-زوردلب
46,176 23,080 23,096 25,818 12,897 12,921 20,358 10,183 10,175 Qarataba-21065-ةبت ةرق
Kifri-2106-يرفك
20,261 10,214 10,047 12,966 6,538 6,428 7,295 3,676 3,619 jabbara-21066-ةرابج
66,437 33,294 33,143 38,784 19,435 19,349 27,653 13,859 13,794 Kifri Total-2106-يرفك
74,789 37,329 37,460 57,604 28,673 28,931 17,185 8,656 8,529 D.C of Al-Mansoria-21071-ةيروصنملا ق.م Al-Mansoria-2107-ةيروصنملا
74,789 37,329 37,460 57,604 28,673 28,931 17,185 8,656 8,529 Al-Mansoria Total-2107-ةيروصنملا
34,512 17,127 17,385 24,353 12,194 12,159 10,159 4,933 5,226 D.C of Mendili-21081-يلدنم ق.م
Mendili-2108-يلدنم
14,836 7,320 7,516 7,623 3,719 3,904 7,213 3,601 3,612 Qazania-21082-ةينازق
49,348 24,447 24,901 31,976 15,913 16,063 17,372 8,534 8,838 Mendili Total-2108-يلدنم
1,934,504 967,334 967,170 904,819 450,636 454,183 1,029,685 516,698 512,987 Governorate Total ةظفاحملا عومجم Diyala-21-ىلايد Total
558,359 277,769 280,590 263,254 130,548 132,706 295,105 147,221 147,884 D.C of AI-Ramadi-22011-يدامرلا ق.م AI-Ramadi-2201-يدامرلا
15,313 7,724 7,589 7,932 4,019 3,913 7,381 3,705 3,676 AL-Waffa-22013-ءافولا
573,672 285,493 288,179 271,186 134,567 136,619 302,486 150,926 151,560 2201-يدامرلا Total
88,923 44,532 44,391 18,871 9,379 9,492 70,052 35,153 34,899 D.C of Heet -22021-تيه ق.م Heet -2202-تيه
36,740 18,299 18,441 21,550 10,698 10,852 15,190 7,601 7,589 AI-Baghdady-22022-يدادغبلا
15,967 7,869 8,098 314 168 146 15,653 7,701 7,952 Kubaisa-22023-ةسيبك
36,234 17,810 18,424 18,613 9,080 9,533 17,621 8,730 8,891 AI-Furat-22024-تارفلا
10,506 5,293 5,213 4,207 2,100 2,107 6,299 3,193 3,106 Al-Muhammadi-22025-يدمحملا
188,370 93,803 94,567 63,555 31,425 32,130 124,815 62,378 62,437 Heet Total-2202-تيه
420,304 210,815 209,489 111,847 56,014 55,833 308,457 154,801 153,656 D.C of Falluja-22031-ةجولفلا ق.م Falluja-2203-ةجولفلا
65,170 33,021 32,149 45,602 23,128 22,474 19,568 9,893 9,675 22034-ةيولاقصلا
485,474 243,836 241,638 157,449 79,142 78,307 328,025 164,694 163,331 AL-Falluja Total-2203-ةجولفلا
30,921 15,550 15,371 9,246 4,693 4,553 21,675 10,857 10,818 D.C of Ana- 22041-هنع ق.م Ana-2204-هنع
30,921 15,550 15,371 9,246 4,693 4,553 21,675 10,857 10,818 2204-هنع Total
59,359 29,719 29,640 3,321 1,638 1,683 56,038 28,081 27,957 D.C of Haditha-22051-ةثيدح ق.م
22,403 11,238 11,165 10,343 5,169 5,174 12,060 6,069 5,991 AL-Haqlaniya-22052-ةينلاقحلا Haditha-2205-ةثيدح
32,935 16,360 16,575 7,698 3,800 3,898 25,237 12,560 12,677 Barwana-22053-ةناورب
114,697 57,317 57,380 21,362 10,607 10,755 93,335 46,710 46,625 HadithaTotal- 2205-ةثيدح
22-رابنلاا
37,416 18,608 18,808 6,605 3,313 3,292 30,811 15,295 15,516 D.C of AL-Rutba- 22061-ةبطرلا ق.م
233 121 112 233 121 112 AL-Walid - 22062-ديلولا AL-Rutba-2206-ةبطرلا
3,636 1,828 1,808 877 451 426 2,759 1,377 1,382 AL-Nekhaeeb- 22063-بيخنلا
41,285 20,557 20,728 7,482 3,764 3,718 33,803 16,793 17,010 Total AL-Rutba- 2206-ةبطرلا
116,263 58,655 57,608 28,597 14,422 14,175 87,666 44,233 43,433 D.C of AL-Kaim-22071-مئاقلا ق.م AL-Kaim-2207-مئاقلا
24,660 12,513 12,147 11,799 6,040 5,759 12,861 6,473 6,388 AL- Obiadi-22073-يديبعلا
140,923 71,168 69,755 40,396 20,462 19,934 100,527 50,706 49,821 Total AL-Kaim-2207-مئاقلا
16,829 8,369 8,460 1,815 922 893 15,014 7,447 7,567 D.C of Rawa-22081-هوار ق.م Rawa-2208-هوار
16,829 8,369 8,460 1,815 922 893 15,014 7,447 7,567 Total Rawa-2208-هوار
78,174 39,531 38,643 44,969 22,885 22,084 33,205 16,646 16,559 D.C of Al-Amirya-22091-دومصلا ةيرماع ق.م Al-Amirya-2209-ةيرماعلا
78,174 39,531 38,643 44,969 22,885 22,084 33,205 16,646 16,559 Total Al-Amirya-2209-ةيرماعلا
142,642 70,903 71,739 93,989 46,738 47,251 48,653 24,165 24,488 D.C of AL-Habbaniya-22101-ةينابحلا ق.م AL-Habbaniya-2210-ةينابحلا
142,642 70,903 71,739 93,989 46,738 47,251 48,653 24,165 24,488 Total Al-Habbaniya-2210-ةينابحلا
147,125 73,393 73,732 101,071 50,441 50,630 46,054 22,952 23,102 D.C of AL-Garma-22111-ةمركلا ق.م AL-Garma-2211-ةمركلا
147,125 73,393 73,732 101,071 50,441 50,630 46,054 22,952 23,102 Total AL-Garma-2211-ةمركلا
44,306 22,900 21,406 32,496 16,853 15,643 11,810 6,047 5,763 D.C of AL-Obour-22121-روبعلا ق.م AL-Obour-2212-روبعلا
44,306 22,900 21,406 32,496 16,853 15,643 11,810 6,047 5,763 Total AL-Obour-2212-روبعلا
2,004,418 1,002,820 1,001,598 845,016 422,499 422,517 1,159,402 580,321 579,081 Governorate total ةظفاحملا عومجم 22-رابنلاا Total
[854 words in 80 rows]

Co. Table (11/2) )2/11( لودج عبات
ENVIRONMENT /ةئيبلا
عومجملا فير رضح
Total Rural Urban
دارفلاا ددع ثانلاا روكذلا دارفلاا ددع ثانلاا روكذلا دارفلاا ددع ثانلاا روكذلا ةيحانلا ءاضقلا
Governorate/ةظفاحملا
Individuals Female Male Individual Female Male Individual Female Male Nahiya Qadhaa
84,827 41,705 43,122 - - - 84,827 41,705 43,122 D.C of AL-Risafa-23011-ةفاصرلا ق.م
105,507 53,656 51,851 - - - 105,507 53,656 51,851 Al-Karada Al-Sharqia-23012-ةيقرشلا ةداركلا
1,222,606 608,310 614,296 - - - 1,222,606 608,310 614,296 Baghdad A--Gidida-23013-ةديدجلا دادغب AL-Risafa-2301-ةفاصرلا
97,115 49,458 47,657 - - - 97,115 49,458 47,657 Phalastine-23014-نيطسلف
290,126 144,461 145,665 - - - 290,126 144,461 145,665 Al-Zafarania-23015-ةينارفعزلا
1,800,181 897,590 902,591 - - - 1,800,181 897,590 902,591 AL-Risafa Total-2301-ةفاصرلا
254,985 130,968 124,017 - - - 254,985 130,968 124,017 D.C of Al-Adhmiya-23021-ةيمظعلاا ق.م
858,899 426,577 432,322 - - - 858,899 426,577 432,322 Al-Fahama-23023-ةماحفلا Al-Adhmiya-2302-ةيمظعلاا
90,695 45,596 45,099 - - - 90,695 45,596 45,099 Al-Rabea-23024- عيبرلا
1,204,579 603,141 601,438 - - - 1,204,579 603,141 601,438 Al-Adhmiya Total-2302-ةيمظعلاا
39,616 19,834 19,782 - - - 39,616 19,834 19,782 D.C of Al-Sadr -Second Distric-23031-ةيناثلا ردصلا ق.م
117,112 58,293 58,819 - - - 117,112 58,293 58,819 Abnaa-Al-Rafidain-23032-نيدفارلا ءانبا Al-Sadr -Second Distric-2303-ةيناثلا ردصلا
203,920 100,779 103,141 - - - 203,920 100,779 103,141 Al-Monawara-23033- ةرونملا
360,648 178,906 181,742 - - - 360,648 178,906 181,742 Al-Sadr -Second Distric Total-2303-ةيناثلا ردصلا
105,428 52,602 52,826 - - - 105,428 52,602 52,826 D.C of Al-Sadr-First District-23041-ىلولاا ردصلا ق.م
128,839 64,157 64,682 - - - 128,839 64,157 64,682 Al-Siddeeq Al-Akbar-23042-ربكلاا قيدصلا Al-Sadr-First District-2304-ىلولاا ردصلا
314,444 154,979 159,465 - - - 314,444 154,979 159,465 Al-Furat-23043-تارفلا
548,711 271,738 276,973 - - - 548,711 271,738 276,973 Al-Sadr-First District Total-2304-ىلولاا ردصلا
138,947 57,369 81,578 - - - 138,947 57,369 81,578 D.C of Al-Karkh-23051-خركلا ق.م
550,970 281,250 269,720 - - - 550,970 281,250 269,720 Al-Mansour-23052-روصنملا Al-Karkh - 2305-خركلا
1,385,378 700,588 684,790 - - - 1,385,378 700,588 684,790 Al-Mamoon-23053-نومأملا
2,075,295 1,039,207 1,036,088 - - - 2,075,295 1,039,207 1,036,088 Al-Karkh Total-2305-خركلا
238,720 119,838 118,882 41,060 20,326 20,734 197,660 99,512 98,148 D.C of Al-Kadhmiya-23061-ةيمظاكلا ق.م Al-Kadhmiya-2306-ةيمظاكلا
238,720 119,838 118,882 41,060 20,326 20,734 197,660 99,512 98,148 Al-Kadhmiya Total-2306-ةيمظاكلا
216,019 108,204 107,815 93,635 46,503 47,132 122,384 61,701 60,683 D.C of Al-Mahmudiya-23071-ةيدومحملا ق.م
165,660 82,408 83,252 146,747 73,062 73,685 18,913 9,346 9,567 Al-Yousifiya-23072-ةيفيسويلا
Al-Mahmudiya-2307-ةيدومحملا
119,402 59,896 59,506 89,976 45,055 44,921 29,426 14,841 14,585 Al-Latefiya-23073-ةيفيطللا 23-دادغب
106,346 53,290 53,056 82,828 41,433 41,395 23,518 11,857 11,661 Al-Rasheed-23074-ديشرلا
607,427 303,798 303,629 413,186 206,053 207,133 194,241 97,745 96,496 Al-Mahmudiya Total-2307-ةيدومحملا
236,623 118,193 118,430 94,744 47,135 47,609 141,879 71,058 70,821 D.C of Abu-Ghraib-23081-بيرغ يبأ ق.م
124,837 62,692 62,145 37,419 18,892 18,527 87,418 43,800 43,618 Al-Nasr and Al-Salam-23082-ملاسلاو رصنلا Abu-Ghraib-2308-بيرغ يبأ
89,348 44,833 44,515 89,348 44,833 44,515 Bauabat A-salam-23083-ملاسلا ةباوب
450,808 225,718 225,090 221,511 110,860 110,651 229,297 114,858 114,439 Abu-Ghraib Total-2308-بيرغ يبأ
109,620 54,831 54,789 77,045 38,373 38,672 32,575 16,458 16,117 D.C of Al-Tarmia-23091-ةيمراطلا ق.م
32,930 16,708 16,222 32,930 16,708 16,222 Al-Mishahda-23092-ةدهاشملا Al-Tarmia-2309-ةيمراطلا
17,467 8,766 8,701 17,467 8,766 8,701 Al-Abaichi-23093-يجيابعلا
160,017 80,305 79,712 127,442 63,847 63,595 32,575 16,458 16,117 Al-Tarmia Total-2309-ةيمراطلا
108,391 54,212 54,179 72,507 36,171 36,336 35,884 18,041 17,843 D.C of Al-Mada'in-23101-نئادملا ق.م
222,929 110,512 112,417 125,210 61,913 63,297 97,719 48,599 49,120 Jisr-23102-رسجلا Al-Mada'in-2310-نئادملا
355,740 176,509 179,231 208,655 103,914 104,741 147,085 72,595 74,490 Wihda-23103-ةدحولا
687,060 341,233 345,827 406,372 201,998 204,374 280,688 139,235 141,453 Al-Mada'in Total-2310-نئادملا
476,394 233,172 243,222 476,394 233,172 243,222 D.C of Zawraa-23111-ءاروزلا ق.م Zawraa-2311-ءاروزلا
476,394 233,172 243,222 476,394 233,172 243,222 Zawraa Total-2311-ءاروزلا
250,170 123,132 127,038 8,465 4,096 4,369 241,705 119,036 122,669 D.C of Al-Zuhoor-23121-روهزلا ق.م Al-Zuhoor-2312-روهزلا
250,170 123,132 127,038 8,465 4,096 4,369 241,705 119,036 122,669 Al-Zuhoor Total-2312-روهزلا
405,151 200,324 204,827 29,681 14,757 14,924 375,470 185,567 189,903 D.c of Sama Al-Kadhimiya23131-ةيمظاكلا امس ق.م
Sama Al-Kadhimiya-2313-ةيمظاكلا امس
233,908 117,702 116,206 - - - 233,908 117,702 116,206 Al-Huriya Al Baghdadia-23132-ةيدادغبلا ةيرحلا
639,059 318,026 321,033 29,681 14,757 14,924 609,378 303,269 306,109 Sama Al-Kadhimiya Total-2313-ةيمظاكلا امس
208,013 103,138 104,875 139,624 69,574 70,050 68,389 33,564 34,825 D.C of Fada' Al-kazimia*-23141-ةيمظاكلا ءاضف ق.م Fada' Al-kazimia-2314-ةيمظاكلا ءاضف
208,013 103,138 104,875 139,624 69,574 70,050 68,389 33,564 34,825 Fada' Al-kazimia Total-2314-ةيمظاكلا ءاضف
43,994 21,964 22,030 29,069 14,467 14,602 14,925 7,497 7,428 D.C of Al Rashidiyav-23151-ةيدشارلا ق.م
Al Rashidiyav-2315-ةيدشارلا
29,353 14,546 14,807 29,353 14,546 14,807 - - - 23152-ةديدجلا ةيدشارلا
73,347 36,510 36,837 58,422 29,013 29,409 14,925 7,497 7,428 Al Rashidiya Total-2315-ةيدشارلا
9,780,429 4,875,452 4,904,977 1,445,763 720,524 725,239 8,334,666 4,154,928 4,179,738 Governorate Total /ةظفاحملا عومجم 23-دادغب Total
[699 words in 64 rows]

Co. Table (11/2) )2/11( لودج عبات
ENVIRONMENT /ةئيبلا
عومجملا فير رضح
Total Rural Urban
دارفلاا ددع ثانلاا روكذلا دارفلاا ددع ثانلاا روكذلا دارفلاا ددع ثانلاا روكذلا ةيحانلا ءاضقلا
Governorate/ةظفاحملا
Individuals Female Male Individual Female Male Individual Female Male Nahiya Qadhaa
679,899 335,592 344,307 208,982 103,131 105,851 470,917 232,461 238,456 D.C Al-Hilla-24011-ةلحلا ق.م
Al-Hilla-2401-ةلحلا
168,613 83,107 85,506 133,444 65,606 67,838 35,169 17,501 17,668 Abi gharaq-24013-قرغ يبأ
848,512 418,699 429,813 342,426 168,737 173,689 506,086 249,962 256,124 Al-Hilla Total-2401-ةلحلا
148,205 73,052 75,153 114,662 56,327 58,335 33,543 16,725 16,818 D.C of Al-Mahaweel-24021-ليواحملا ق.م
47,250 23,585 23,665 32,555 16,200 16,355 14,695 7,385 7,310 Al-Imam-24023-ماملاا Al-Mahaweel-2402-ليواحملا
72,811 36,246 36,565 65,258 32,467 32,791 7,553 3,779 3,774 Al-Neel-24024-لينلا
268,266 132,883 135,383 212,475 104,994 107,481 55,791 27,889 27,902 Al-Mahaweel Total-2402-ليواحملا
55,458 27,934 27,524 10,409 5,155 5,254 45,049 22,779 22,270 D.C of Al-Hashimiy-24031-ةيمشاهلا ق.م
187,093 92,871 94,222 124,207 61,447 62,760 62,886 31,424 31,462 Al-Midhatya(Hamza Al- Garbi)-24033-)يبرغلا ةزمح( ةيتحدملا Al-Hashimiy-2403-ةيمشاهلا
116,586 57,712 58,874 97,143 48,031 49,112 19,443 9,681 9,762 Al-Shomali-24034-يلموشلا
359,137 178,517 180,620 231,759 114,633 117,126 127,378 63,884 63,494 Al-Hashimiy Total-2403-ةيمشاهلا
111,894 56,249 55,645 10,021 4,982 5,039 101,873 51,267 50,606 D.C of Al-Mussaiyab-24051-بيسملا ق.م
121,164 59,739 61,425 85,444 41,890 43,554 35,720 17,849 17,871 Saddat Al-Hindiya-24052-ةيدنهلا ةدس Babylon-24-لباب
698 334 364 698 334 364 urf Al-Nasir-24053-رصنلا فرج Al-Mussaiyab-2405-بيسملا
173,245 86,366 86,879 65,265 32,139 33,126 107,980 54,227 53,753 Al-Iskandariya-24054-ةيردنكسلاا
4,653 2,273 2,380 3,671 1,813 1,858 982 460 522 Soraa-24055-ءاروس
411,654 204,961 206,693 165,099 81,158 83,941 246,555 123,803 122,752 Al-Mussaiyab Total-2405-بيسملا
120,884 60,028 60,856 81,173 40,201 40,972 39,711 19,827 19,884 D.C of Kothi-24061-ىثوك ق.م
Kothi-2406-ىثوك
33,696 16,712 16,984 33,696 16,712 16,984 AL-Baqir-24062-رقابلا
154,580 76,740 77,840 114,869 56,913 57,956 39,711 19,827 19,884 Kothi Total-2406-ىثوك
156,176 77,072 79,104 62,630 30,637 31,993 93,546 46,435 47,111 D.C of Al- Qasim-24071-مساقلا ق.م
41,264 20,430 20,834 22,261 10,942 11,319 19,003 9,488 9,515 Al-ibrahimiya-24072-ةيميهاربلاا Al- Qasim-2407-مساقلا
50,344 24,893 25,451 37,364 18,487 18,877 12,980 6,406 6,574 Al-Taliaa-24073-ةعيلطلا
247,784 122,395 125,389 122,255 60,066 62,189 125,529 62,329 63,200 Al- Qasim Total-2407-مساقلا
192,391 94,486 97,905 165,547 81,217 84,330 26,844 13,269 13,575 D.C of Al-Kifl (Al-Nakhila)-24081-)ةليخنلا( لفكلا ق.م Al-Kifl (Al-Nakhila)-2408-)ةليخنلا( لفكلا
192,391 94,486 97,905 165,547 81,217 84,330 26,844 13,269 13,575 2408Al-Kifl (Al-Nakhila) Total-)ةليخنلا( لفكلا
2,482,324 1,228,681 1,253,643 1,354,430 667,718 686,712 1,127,894 560,963 566,931 Governorate Total /ةظفاحملا عومجم 24-لباب Total
811,368 405,985 405,383 27,149 13,483 13,666 784,219 392,502 391,717 D.C of Kerbala-25011-ءلابرك ق.م Kerbala-2501-ءلابرك 25-ءلابرك
811,368 405,985 405,383 27,149 13,483 13,666 784,219 392,502 391,717 Kerbala Total-2501-ءلابرك
33,503 16,780 16,723 6,298 3,146 3,152 27,205 13,634 13,571 D.C of Ain Al-Tamr-25021-رمتلا نيع ق.م Ain Al-Tamr-2502-رمتلا نيع
33,503 16,780 16,723 6,298 3,146 3,152 27,205 13,634 13,571 Ain Al-Tamr Total-2502-رمتلا نيع
171,978 85,528 86,450 32,400 15,971 16,429 139,578 69,557 70,021 D.C of Al-Hindiya-25031-ةيدنهلا ق.م
Al-Hindiya-2503-ةيدنهلا
71,742 35,256 36,486 68,414 33,781 34,633 3,328 1,475 1,853 Al-KH-hairat-25033-تاريخلا
243,720 120,784 122,936 100,814 49,752 51,062 142,906 71,032 71,874 Al-Hindiya Total-2503-ةيدنهلا
194,589 96,734 97,855 157,501 78,164 79,337 37,088 18,570 18,518 D.C of Al-Husseiniya-25041-ةينيسحلا ق.م Al-Husseiniya-2504-ةينيسحلا
194,589 96,734 97,855 157,501 78,164 79,337 37,088 18,570 18,518 Al-Husseiniya Total-2504-ةينيسحلا
362,102 180,466 181,636 73,295 36,387 36,908 288,807 144,079 144,728 D.C of Al-Hur-25051-رحلا ق.م Al-Hur-2505-رحلا
362,102 180,466 181,636 73,295 36,387 36,908 288,807 144,079 144,728 Al-Hur Total-2505-رحلا
108,783 53,861 54,922 96,650 47,839 48,811 12,133 6,022 6,111 D.C of Aljadwal Al-gharbi-25061-يبرغلا لودجلا ق.م Aljadwal Al-gharbi-2506-يبرغلا لودجلا
108,783 53,861 54,922 96,650 47,839 48,811 12,133 6,022 6,111 Aljadwal Al-gharbi Tota-2506-يبرغلا لودجلا
1,754,065 874,610 879,455 461,707 228,771 232,936 1,292,358 645,839 646,519 Governorate Total /ةظفاحملا عومجم Kerbala-25-ءلابرك Total
[551 words in 51 rows]

Co. Table (11/2) )2/11( لودج عبات
ENVIRONMENT /ةئيبلا
عومجملا فير رضح
Total Rural Urban
دارفلاا ددع ثانلاا روكذلا دارفلاا ددع ثانلاا روكذلا دارفلاا ددع ثانلاا روكذلا ةيحانلا ءاضقلا
Governorate/ةظفاحملا
Individuals Female Male Individual Female Male Individual Female Male Nahiya Qadhaa
560,473 279,421 281,052 54,406 27,020 27,386 506,067 252,401 253,666 D.C of Al-Kut-26011-توكلا ق.م
35,931 17,817 18,114 12,688 6,399 6,289 23,243 11,418 11,825 Wasit-26012-طساو
Al-Kut-2601-توكلا
11,011 5,508 5,503 9,063 4,530 4,533 1,948 978 970 Wasit Al-Qadima-26013-ةميدقلا طساو
45,828 22,618 23,210 22,855 11,231 11,624 22,973 11,387 11,586 Sheik -Saad-26014-دعس خيش
654,110 325,800 328,310 99,879 49,616 50,263 554,231 276,184 278,047 Al-Kut Total-2601-توكلا
135,177 67,273 67,904 49,789 24,740 25,049 85,388 42,533 42,855 D.C Al-Nu'maniyah-26021-ةينامعنلا ق.م Al-Nu'maniyah-2602-ةينامعنلا
135,177 67,273 67,904 49,789 24,740 25,049 85,388 42,533 42,855 2602-ةينامعنلا Total
99,825 49,920 49,905 16,509 8,212 8,297 83,316 41,708 41,608 D.C of Al-Hay-26031-يحلا ق.م
Al-Hay-2603-يحلا
37,159 18,556 18,603 33,005 16,485 16,520 4,154 2,071 2,083 Al-Bashaer-26033-رئاشبلا
136,984 68,476 68,508 49,514 24,697 24,817 87,470 43,779 43,691 Al-Hay Total-2603-يحلا
20,191 9,861 10,330 5,850 2,824 3,026 14,341 7,037 7,304 D.C of Badra-26041-ةردب ق.م
15,267 7,487 7,780 7,835 3,851 3,984 7,432 3,636 3,796 Jassan-26043-ناصج Badra-2604-ةردب
1,267 616 651 635 311 324 632 305 327 Zurbadia-26044-ةيطابرز
36,725 17,964 18,761 14,320 6,986 7,334 22,405 10,978 11,427 Badra Total-2604-ةردب
182,440 90,949 91,491 90,486 45,031 45,455 91,954 45,918 46,036 D.C of Al-sswaira-26051-ةريوصلا ق.م Wasit-26--طساو
Al-sswaira-2605-ةريوصلا
44,294 22,006 22,288 38,295 19,028 19,267 5,999 2,978 3,021 Al-Shehamiya-26054-ةيميحشلا
226,734 112,955 113,779 128,781 64,059 64,722 97,953 48,896 49,057 Al-sswaira Total-2605-ةريوصلا
140,126 69,401 70,725 61,571 30,304 31,267 78,555 39,097 39,458 D.C of Al-Azizia-26061-ةيزيزعلا ق.م
34,942 17,140 17,802 24,840 12,188 12,652 10,102 4,952 5,150 Taj Al-Deen (Al-Hafria)-26062-)ةيرفحلا( نيدلا جات
Al-Azizia-2606-ةيزيزعلا
31,707 15,871 15,836 27,073 13,526 13,547 4,634 2,345 2,289 Al-Duboni-26063-ينوبدلا
60,596 30,181 30,415 26,736 13,370 13,366 33,860 16,811 17,049 Nahiat Sayeed Al-Shuhadaa-26064-ءادهشلا ديس ةيحان
267,371 132,593 134,778 140,220 69,388 70,832 127,151 63,205 63,946 Al-Azizia Total-2606-ةيزيزعلا Total
60,829 30,415 30,414 47,370 23,605 23,765 13,459 6,810 6,649 D.C of Al-Ahrar-26071-رارحلاا ق.م Al-Ahrar-2607-رارحلاا
60,829 30,415 30,414 47,370 23,605 23,765 13,459 6,810 6,649 Al-Ahrar Total-2607-رارحلاا
65,358 32,468 32,890 34,336 17,065 17,271 31,022 15,403 15,619 D.C of Al-Zubaidia-26081-ةيديبزلا ق.م Al-Zubaidia-2608-ةيديبزلا
65,358 32,468 32,890 34,336 17,065 17,271 31,022 15,403 15,619 Al-Zubaidia Total-2608-ةيديبزلا
60,985 30,294 30,691 34,961 17,370 17,591 26,024 12,924 13,100 D.C of Al-mwafaqia-26091-ةيقفوملا ق.م Al-mwafaqia-2609-ةيقفوملا
60,985 30,294 30,691 34,961 17,370 17,591 26,024 12,924 13,100 Al-Mwafaqia Total-2609-ةيقفوملا
1,644,273 818,238 826,035 599,170 297,526 301,644 1,045,103 520,712 524,391 Governorate Total /ةظفاحملا عومجم Wasit-26- Total-طساو
[393 words in 40 rows]

Co. Table (11/2) )2/11( لودج عبات
ENVIRONMENT /ةئيبلا
عومجملا فير رضح
Total Rural Urban
دارفلاا ددع ثانلاا روكذلا دارفلاا ددع ثانلاا روكذلا دارفلاا ددع ثانلاا روكذلا ةيحانلا ءاضقلا
Governorate/ةظفاحملا
Individuals Female Male Individual Female Male Individual Female Male Nahiya Qadhaa
253,957 128,225 125,732 103,329 52,416 50,913 150,628 75,809 74,819 D.C of Tikrit-27011-تيركت ق.م Tikrit-2701-تيركت
253,957 128,225 125,732 103,329 52,416 50,913 150,628 75,809 74,819 2701-تيركت Total
128,441 64,626 63,815 7,729 3,853 3,876 120,712 60,773 59,939 D.C of Tooz Khurmato-27021-وتامروخ زوط ق.م
Tooz Khurmato-2702-وتامروخ زوط
18,775 9,297 9,478 8,563 4,212 4,351 10,212 5,085 5,127 Sulaiman Beg-27023-كب ناميلس
147,216 73,923 73,293 16,292 8,065 8,227 130,924 65,858 65,066 Tooz Khurmato Total-2702-وتامروخ زوط
226,896 113,926 112,970 23,807 11,985 11,822 203,089 101,941 101,148 D.C of Samarra-27031-ءارماس ق.م
22,643 11,384 11,259 17,850 8,949 8,901 4,793 2,435 2,358 Al-Moutasim-27032-مصتعملا
Samarra-2703-ءارماس
22,413 11,261 11,152 20,786 10,436 10,350 1,627 825 802 Dijla-27033-ةلجد
35,608 17,910 17,698 28,530 14,396 14,134 7,078 3,514 3,564 Al-Thirthar-27034-راثرثلا
307,560 154,481 153,079 90,973 45,766 45,207 216,587 108,715 107,872 Samarra Total-2703-ءارماس
99,575 49,875 49,700 30,076 15,296 14,780 69,499 34,579 34,920 D.C of Balad-27041-دلب ق.م
57,601 29,172 28,429 49,274 24,951 24,323 8,327 4,221 4,106 Al-Ecehaki-27043-يقاحسلاا
Balad-2704-دلب
57,649 29,250 28,399 54,833 27,860 26,973 2,816 1,390 1,426 Yathrib-27044-برثي
14,100 6,992 7,108 14,100 6,992 7,108 Al-Hatimya-27045-ةيمتاحلا
228,925 115,289 113,636 148,283 75,099 73,184 80,642 40,190 40,452 Balad Total-2704-دلب
98,493 49,814 48,679 36,889 18,596 18,293 61,604 31,218 30,386 D.C of Beygee-27051-يجيب ق.م
17,326 8,669 8,657 2,470 1,253 1,217 14,856 7,416 7,440 Syniya-27052-ةينيصلا
40,701 20,148 20,553 40,701 20,148 20,553 AL-Hajaj-27053-جاجحلا Beygee-2705-يجيب
22,588 11,275 11,313 22,588 11,275 11,313 Al-Zuwiya-27054-ةيوزلا
7,564 3,754 3,810 7,564 3,754 3,810 Makhool-27055-لوحكم 27-نيدلا حلاص
186,672 93,660 93,012 110,212 55,026 55,186 76,460 38,634 37,826 Beygee Total-2705-يجيب Salahuldeen-
55,230 28,025 27,205 31,364 15,932 15,432 23,866 12,093 11,773 D.C of Al-Door 27061-رودلا ق.م Al-Door-2706-رودلا
55,230 28,025 27,205 31,364 15,932 15,432 23,866 12,093 11,773 Al-Door Total 2706-رودلا
96,213 48,349 47,864 28,874 14,484 14,390 67,339 33,865 33,474 D.C of Al-Shirqat-27071-طاقرشلا ق.م
99,248 49,635 49,613 99,248 49,635 49,613 Ashour-27072-روشا
Al-Shirqat-2707-طاقرشلا
11,436 5,710 5,726 11,436 5,710 5,726 Tlool-Al_Baj-27073-جابلا لولت
55,029 27,233 27,796 55,029 27,233 27,796 Al-Sahl Al-Akhdar-27074-رضخلأا لهسلا
261,926 130,927 130,999 194,587 97,062 97,525 67,339 33,865 33,474 Al-Shirqat Total-2707-طاقرشلا
61,487 30,975 30,512 8,996 4,517 4,479 52,491 26,458 26,033 D.C of Al-Dijail-27081-ليجدلا ق.م
25,291 12,794 12,497 25,291 12,794 12,497 AL-Ibrahemea-27082-ةيميهاربلاا
Al-Dijail-2708-ليجدلا
25,460 13,004 12,456 25,460 13,004 12,456 AL-Ansar-27083-راصنلاا
19,881 10,066 9,815 19,881 10,066 9,815 AL-Jamael-27084-ليمجلا
132,119 66,839 65,280 79,628 40,381 39,247 52,491 26,458 26,033 Dijail Total-2708-ليجدلا
25,843 12,964 12,879 8,610 4,337 4,273 17,233 8,627 8,606 D.C of Amerly-27091-يلرما ق.م Amerly-2709-يلرما
25,843 12,964 12,879 8,610 4,337 4,273 17,233 8,627 8,606 Amrly Total-2709-يلرما
87,870 44,500 43,370 62,208 31,539 30,669 25,662 12,961 12,701 D.C of Al-Alam-27101-ملعلا ق.م Al-Alam-2710-ملعلا
87,870 44,500 43,370 62,208 31,539 30,669 25,662 12,961 12,701 Al-Alam Total-2710-ملعلا
61,576 31,176 30,400 36,114 18,273 17,841 25,462 12,903 12,559 D.C of Al-Dhuloia-27111-ةيعولضلا ق.م
Al-Dhuloia-2711-ةيعولضلا
25,648 12,986 12,662 25,648 12,986 12,662 27112-نيرهنلا
87,224 44,162 43,062 61,762 31,259 30,503 25,462 12,903 12,559 Al-Dhloia Total-2711-ةيعولضلا
Salahu l d e e n - 2 7-حلاص
1,774,542 892,995 881,547 907,248 456,882 450,366 867,294 436,113 431,181 Governorate Total /ةظفاحملا عومجم
ن ي دلا T o t a l
[508 words in 56 rows]

Co. Table (11/2) )2/11( لودج عبات
ENVIRONMENT /ةئيبلا
عومجملا فير رضح
Total Rural Urban
دارفلاا ددع ثانلاا روكذلا دارفلاا ددع ثانلاا روكذلا دارفلاا ددع ثانلاا روكذلا ةيحانلا ءاضقلا
Governorate/ةظفاحملا
Individuals Female Male Individual Female Male Individual Female Male Nahiya Qadhaa
904,240 451,716 452,524 73,576 36,152 37,424 830,664 415,564 415,100 D.c of Al-Najaf-28011-فجنلا ق.م
113,447 56,134 57,313 80,155 39,699 40,456 33,292 16,435 16,857 Al-Haydariya-28012-ةيرديحلا
1,354 655 699 952 455 497 402 200 202 Al-Shabaka-28013-ةكبشلا Al-Najaf-2801-فجنلا
52,047 25,818 26,229 52,047 25,818 26,229 Al-Rathawia-28014-ةيوضرلا
11,003 5,352 5,651 7,758 3,798 3,960 3,245 1,554 1,691 Al-Noor (Baneqiya)-28015-)ايقيناب(رونلا
1,082,091 539,675 542,416 214,488 105,922 108,566 867,603 433,753 433,850 Al-Najaf Total-2801-فجنلا
429,306 213,124 216,182 280,089 137,809 142,280 149,217 75,315 73,902 D.C of Al-Kufa-28021-ةفوكلا ق.م
120,537 59,368 61,169 94,199 46,342 47,857 26,338 13,026 13,312 Al-Abbassiya-28022-ةيسابعلا Al-Kufa-2802-ةفوكلا Al-Najaf-28-فجنلا
39,572 19,584 19,988 26,758 13,151 13,607 12,814 6,433 6,381 Al-Huriya-28023-ةيرحلا
589,415 292,076 297,339 401,046 197,302 203,744 188,369 94,774 93,595 Al-Kufa Total-2802-ةفوكلا
82,832 41,141 41,691 21,676 10,632 11,044 61,156 30,509 30,647 D.C of Al-Manathera-28031-ةرذانملا ق.م
Al-Manathera-2803-ةرذانملا
49,148 24,182 24,966 25,537 12,545 12,992 23,611 11,637 11,974 Al-Heera-28032-ةريحلا
131,980 65,323 66,657 47,213 23,177 24,036 84,767 42,146 42,621 Al-Manathera Total-2803-ةرذانملا
102,038 49,999 52,039 72,000 35,188 36,812 30,038 14,811 15,227 D.C of AL-Mishkhab-28041-باخشملا ق.م
AL-Mishkhab-2804-باخشملا
45,309 22,307 23,002 36,002 17,707 18,295 9,307 4,600 4,707 28042-ةيسداقلا
147,347 72,306 75,041 108,002 52,895 55,107 39,345 19,411 19,934 AL-Mishkhab Total-2804-باخشملا
1,950,833 969,380 981,453 770,749 379,296 391,453 1,180,084 590,084 590,000 Governorate Total /ةظفاحملا عومجم Al-Najaf Total-28-فجنلا
481,773 241,209 240,564 85,516 42,358 43,158 396,257 198,851 197,406 D.C of AL-Diwaniya-31011-ةيناويدلا ق.م AL-Diwaniya-3101-ةيناويدلا
481,773 241,209 240,564 85,516 42,358 43,158 396,257 198,851 197,406 AL-Diwaniya Total-3101-ةيناويدلا
66,694 33,067 33,627 27,344 13,527 13,817 39,350 19,540 19,810 D.C of Afaq-31021-كفع ق.م
Afaq-3102-كفع
29,254 14,433 14,821 22,617 11,213 11,404 6,637 3,220 3,417 31022-رفن
95,948 47,500 48,448 49,961 24,740 25,221 45,987 22,760 23,227 Afaq Total-3102-كفع
109,407 54,115 55,292 51,756 25,450 26,306 57,651 28,665 28,986 D.C of AL-Shamiya-31041-ةيماشلا ق.م
AL-Shamiya-3104-ةيماشلا
36,356 17,942 18,414 31,100 15,321 15,779 5,256 2,621 2,635 AL-Salahiya-31044-ةيحلاصلا
145,763 72,057 73,706 82,856 40,771 42,085 62,907 31,286 31,621 AL-Shamiya Total-3104-ةيماشلا
158,062 78,832 79,230 64,085 31,875 32,210 93,977 46,957 47,020 D.C of Al-Hamza-31051-ةزمحلا ق.م
Al-Hamza-3105-ةزمحلا
6,936 3,419 3,517 6,936 3,419 3,517 Al-Bassamiya-31052-ةيماسبلا
164,998 82,251 82,747 71,021 35,294 35,727 93,977 46,957 47,020 Al-Hamza Total-3105-ةزمحلا
94,362 46,730 47,632 54,043 26,747 27,296 40,319 19,983 20,336 D.C of Gammass (Al-Kawarnaq)-31061-)قنروخلا( سامغ ق.م Gammass (Al-Kawarnaq)-3106-)قنروخلا( سامغ
94,362 46,730 47,632 54,043 26,747 27,296 40,319 19,983 20,336 Gamass (Al-Kuarnak) Total-3106-)قنروخلا( سامغ
65,293 32,482 32,811 35,851 17,759 18,092 29,442 14,723 14,719 D.C of Albdear-31071-ريدب لآ ق.م Albdear-3107-ريدب لآ
65,293 32,482 32,811 35,851 17,759 18,092 29,442 14,723 14,719 Albdear Total-3107-ريدب لآ Al-Qadisiya31-ةيسداقلا
89,503 44,572 44,931 63,444 31,405 32,039 26,059 13,167 12,892 D.C of Akd (Al-Daggara)31081-)ةراغدلا( دكا ق.م Akd (Al-Daggara)-3108-)ةراغدلا( دكا
89,503 44,572 44,931 63,444 31,405 32,039 26,059 13,167 12,892 Akd(Al-Dagara) Total-3108-)ةراغدلا( دكا
66,119 32,709 33,410 52,600 25,976 26,624 13,519 6,733 6,786 D.C of Al-Sunniya-31091-ةينسلا ق.م Al-Sunniya-3109-ةينسلا
66,119 32,709 33,410 52,600 25,976 26,624 13,519 6,733 6,786 Al-Sunniya Total-3109-ةينسلا
52,658 26,294 26,364 36,959 18,445 18,514 15,699 7,849 7,850 D.C of Sommer-31101-رموس ق.م Sommer-3110-رموس
52,658 26,294 26,364 36,959 18,445 18,514 15,699 7,849 7,850 Sommer Total -3110-رموس
51,983 25,671 26,312 34,200 16,839 17,361 17,783 8,832 8,951 D.C of AL-Mihannwiya-31111-ةيوانهملا ق.م AL-Mihannwiya-3111-ةيوانهملا
51,983 25,671 26,312 34,200 16,839 17,361 17,783 8,832 8,951 AL-Mihannwiya Total-3111-ةيوانهملا
67,348 33,483 33,865 48,339 23,962 24,377 19,009 9,521 9,488 D.C of AL-Shafiya-31121-ةيعفاشلا ق.م AL-Shafiya-3112-ةيعفاشلا
67,348 33,483 33,865 48,339 23,962 24,377 19,009 9,521 9,488 AL-Shafiya Total-3112-ةيعفاشلا
45,353 22,534 22,819 23,319 11,697 11,622 22,034 10,837 11,197 D.C of AL-Shinnafiya-31131-ةيفانشلا ق.م AL-Shinnafiya-3113-ةيفانشلا
45,353 22,534 22,819 23,319 11,697 11,622 22,034 10,837 11,197 AL-Shinnafiya Total-3113-ةيفانشلا
56,209 27,920 28,289 40,103 19,901 20,202 16,106 8,019 8,087 D.C of AL-Sadeer-31141-ريدسلا ق.م AL-Sadeer-3114-ريدسلا
56,209 27,920 28,289 40,103 19,901 20,202 16,106 8,019 8,087 AL-Sadeer Total-3114-ريدسلا
Al-Qadis iy a -3 1-ةيسداقلا
1,477,310 735,412 741,898 678,212 335,894 342,318 799,098 399,518 399,580 Governorate Total /ةظفاحملا عومجم
T o ta l
[624 words in 61 rows]

Co. Table (11/2) )2/11( لودج عبات
ENVIRONMENT /ةئيبلا
عومجملا فير رضح
Total Rural Urban
دارفلاا ددع ثانلاا روكذلا دارفلاا ددع ثانلاا روكذلا دارفلاا ددع ثانلاا روكذلا ةيحانلا ءاضقلا
Governorate/ةظفاحملا
Individuals Female Male Individual Female Male Individual Female Male Nahiya Qadhaa
373,770 186,265 187,505 117,081 58,262 58,819 256,689 128,003 128,686 D.C of AL-Samawa-32011-ةوامسلا ق.م AL-Samawa-3201-ةوامسلا
373,770 186,265 187,505 117,081 58,262 58,819 256,689 128,003 128,686 AL-Samawa Total-3201-ةوامسلا
141,946 70,650 71,296 52,414 25,990 26,424 89,532 44,660 44,872 D.C of AL-Rumaitha-32021-ةثيمرلا ق.م AL-Rumaitha-3202-ةثيمرلا
141,946 70,650 71,296 52,414 25,990 26,424 89,532 44,660 44,872 AL-Rumaitha Total- 3202-ةثيمرلا
7,915 4,003 3,912 5,383 2,703 2,680 2,532 1,300 1,232 D.C of AL-Salman-32031-ناملسلا ق.م
AL-Salman-3203-ناملسلا
2,693 1,318 1,375 1,521 737 784 1,172 581 591 AL-Bussaiya-32032-ةيصبلا
10,608 5,321 5,287 6,904 3,440 3,464 3,704 1,881 1,823 AL-Salman Total- 3203-ناملسلا
123,893 61,740 62,153 77,847 38,650 39,197 46,046 23,090 22,956 D.C of Al-khidhr-32041-رضخلا ق.م
Al-khidhr-3204-رضخلا
23,419 11,776 11,643 20,652 10,398 10,254 2,767 1,378 1,389 Al-Drraji-32042-يجاردلا
147,312 73,516 73,796 98,499 49,048 49,451 48,813 24,468 24,345 Al-khidhr Total- 3204-رضخلا
Al-Muthanna-32-ىنثملا
91,935 45,578 46,357 84,495 41,855 42,640 7,440 3,723 3,717 D.C of Al-Warkaa-32051-ءاكرولا ق.م
Al-Warkaa-3205-ءاكرولا
49,338 24,632 24,706 45,990 22,955 23,035 3,348 1,677 1,671 32052-ةماركلا
141,273 70,210 71,063 130,485 64,810 65,675 10,788 5,400 5,388 Al-Warkaa Total-3205-ءاكرولا
51,482 25,803 25,679 47,957 24,083 23,874 3,525 1,720 1,805 D.C of Al-Hilal-32061-للاهلا ق.م Al-Hilal-3206-للاهلا
51,482 25,803 25,679 47,957 24,083 23,874 3,525 1,720 1,805 Al-Hilal Total-3206-للاهلا
69,886 34,811 35,075 67,198 33,462 33,736 2,688 1,349 1,339 D.C of Al-Suwair-32071-ريوسلا ق.م Al-Suwair-3207-ريوسلا
69,886 34,811 35,075 67,198 33,462 33,736 2,688 1,349 1,339 Al-Suwair Total-3207-ريوسلا
59,570 29,441 30,129 54,783 27,086 27,697 4,787 2,355 2,432 D.C of Al-Majd-32081-دجملا ق.م Al-Majd-3208-دجملا
59,570 29,441 30,129 54,783 27,086 27,697 4,787 2,355 2,432 Al-Majd Total-3208-دجملا
47,240 23,307 23,933 46,010 22,695 23,315 1,230 612 618 D.C of Al-najmi-32091-يمجنلا ق.م Al-najmi-3209-يمجنلا
47,240 23,307 23,933 46,010 22,695 23,315 1,230 612 618 Al-najmi Total-3209-يمجنلا
Al-Muthanna-32- ى نث م لا
1,043,087 519,324 523,763 621,331 308,876 312,455 421,756 210,448 211,308 Governorate Total /ةظفاحملا عومجم
T o t a l
704,976 346,052 358,924 704,976 346,052 358,924 D.C of Aal-Nasiriyah-33011-ةيرصانلا ق.م
Aal-Nasiriyah-3301-ةيرصانلا
84,871 41,527 43,344 62,931 30,707 32,224 21,940 10,820 11,120 33016-روأ
789,847 387,579 402,268 62,931 30,707 32,224 726,916 356,872 370,044 Aal-Nasiriyah Total-3301-ةيرصانلا
194,946 96,888 98,058 86,841 42,811 44,030 108,105 54,077 54,028 D.C of Al-Rifai-33021-يعافرلا ق.م Al-Rifai-3302-يعافرلا
194,946 96,888 98,058 86,841 42,811 44,030 108,105 54,077 54,028 Al-Rifai Total-3302-يعافرلا
143,688 71,497 72,191 143,688 71,497 72,191 D.C of suq alshyoukh-33031-خويشلا قوس ق.م
56,187 27,548 28,639 48,547 23,763 24,784 7,640 3,785 3,855 Al-Aka'kiya-33032-ةكيكعلا suq alshyoukh-3303-خويشلا قوس
79,210 38,850 40,360 49,093 23,906 25,187 30,117 14,944 15,173 Al-Fadhliya-33034-ةيلضفلا
279,085 137,895 141,190 97,640 47,669 49,971 181,445 90,226 91,219 suq alshyoukh Total-3303-خويشلا قوس
52,868 26,503 26,365 6,195 3,119 3,076 46,673 23,384 23,289 D.C of Al-Chibayish-33041-شيابجلا ق .م
Al-Chibayish-3304-شيابجلا
10,336 5,196 5,140 322 167 155 10,014 5,029 4,985 Al-Hammar (AL-Manar)-33042-)رانملا( رامحلا
63,204 31,699 31,505 6,517 3,286 3,231 56,687 28,413 28,274 Al-Chibayish Total-3304-شيابجلا
265,126 131,839 133,287 66,421 32,772 33,649 198,705 99,067 99,638 D.C of Al-Shatra-33051-ةرطشلا ق .م
Al-Shatra-3305-ةرطشلا
27,804 13,751 14,053 22,495 11,092 11,403 5,309 2,659 2,650 Amargy (Beny Zaid) -33052-)ديز ينب( يجراما
292,930 145,590 147,340 88,916 43,864 45,052 204,014 101,726 102,288 Al-Shatra Total-3305-ةرطشلا
72,891 36,264 36,627 58,071 28,837 29,234 14,820 7,427 7,393 D.C of Said Dakhil-33061-ليخد ديس ق.م Said Dakhil-3306-ليخد ديس
72,891 36,264 36,627 58,071 28,837 29,234 14,820 7,427 7,393 Said Dakhil Total-3306-ليخد ديس
90,742 44,921 45,821 39,794 19,602 20,192 50,948 25,319 25,629 D.C of Al-Dawaya-33071-ةياودلا ق.م Al-Dawaya-3307-ةياودلا
90,742 44,921 45,821 39,794 19,602 20,192 50,948 25,319 25,629 Al-Dawaya Total-3307-ةياودلا
ThiQar-33-راق يذ
50,596 25,050 25,546 32,038 15,896 16,142 18,558 9,154 9,404 D.C of Al-islah-33081-حلاصلاا ق.م Al-islah-3308-حلاصلاا
50,596 25,050 25,546 32,038 15,896 16,142 18,558 9,154 9,404 Al-islah Total-3308-حلاصلاا
124,104 61,382 62,722 51,976 25,640 26,336 72,128 35,742 36,386 Qala't sukar-33091-ركس ةعلق ق.م Qala't sukar-3309-ركس ةعلق
124,104 61,382 62,722 51,976 25,640 26,336 72,128 35,742 36,386 Qala't sukar Total-3309-ركس ةعلق
55,987 27,878 28,109 7,224 3,555 3,669 48,763 24,323 24,440 D.C of Al-Fuhood-33101-دوهفلا ق.م Al-Fuhood-3310-دوهفلا
55,987 27,878 28,109 7,224 3,555 3,669 48,763 24,323 24,440 Al-Fuhood Total-3310-دوهفلا
131,952 65,420 66,532 71,789 35,340 36,449 60,163 30,080 30,083 D.C of Al-Ghrraf-33111-فارغلا ق.م Al-Ghrraf-3311-فارغلا
13,707 6,717 6,990 13,707 6,717 6,990 33112-دعس وبلا
145,659 72,137 73,522 85,496 42,057 43,439 60,163 30,080 30,083 Al-Ghrraf Total-3311-فارغلا
113,587 56,436 57,151 53,560 26,403 27,157 60,027 30,033 29,994 D.C of Al-Nassr-33121-رصنلا ق.م Al-Nassr-3312-رصنلا
113,587 56,436 57,151 53,560 26,403 27,157 60,027 30,033 29,994 Al-Nassr Total-3312-رصنلا
65,109 32,175 32,934 24,391 11,993 12,398 40,718 20,182 20,536 33131-رجفلا ق.م
3313-رجفلا
11,059 5,528 5,531 11,059 5,528 5,531 Maysaloon-33132-نولسيم
76,168 37,703 38,465 35,450 17,521 17,929 40,718 20,182 20,536 Al-Fajr Total- 3313-رجفلا
55,429 27,496 27,933 25,524 12,577 12,947 29,905 14,919 14,986 D.C of Al-Bathaa-33141-ءاحطبلا ق.م Al-Bathaa-3314-ءاحطبلا
55,429 27,496 27,933 25,524 12,577 12,947 29,905 14,919 14,986 Al-Bathaa Total-3314-ءاحطبلا
69,074 33,612 35,462 44,351 21,574 22,777 24,723 12,038 12,685 D.C of Karamat Bani Saed-33151-ديعس ينب ةمرك ق.م
Karamat Bani Saed-3315-ديعس ينب ةمرك
25,219 12,349 12,870 20,191 9,902 10,289 5,028 2,447 2,581 Al- Tar-33152-راطلا
94,293 45,961 48,332 64,542 31,476 33,066 29,751 14,485 15,266 Karamat Bani Saed Total-3315-ديعس ينب ةمرك
2,499,468 1,234,879 1,264,589 796,520 391,901 404,619 1,702,948 842,978 859,970 Governorate Total /ةظفاحملا عومجم Thi-Qar-33-راق يذ Total
[821 words in 80 rows]

Co. Table (11/2) )2/11( لودج عبات
ENVIRONMENT /ةئيبلا
عومجملا فير رضح
Total Rural Urban
دارفلاا ددع ثانلاا روكذلا دارفلاا ددع ثانلاا روكذلا دارفلاا ددع ثانلاا روكذلا ةيحانلا ءاضقلا
Governorate/ةظفاحملا
Individuals Female Male Individual Female Male Individual Female Male Nahiya Qadhaa
712,144 352,192 359,952 43,788 21,276 22,512 668,356 330,916 337,440 D.C of Al-Umarra-4011-ةرامعلا ق.م
Al-Umarra-3401-ةرامعلا
7,754 3,767 3,987 7,754 3,767 3,987 Al-Batraa-34014-ءارتبلا
719,898 355,959 363,939 51,542 25,043 26,499 668,356 330,916 337,440 Al-Umarra Total-3401-ةرامعلا
40,369 20,086 20,283 15,263 7,579 7,684 25,106 12,507 12,599 D.C of Ali Al-Gharbi-34021-يبرغلا يلع ق.م
Ali Al-Gharbi-3402-يبرغلا يلع
23,720 11,627 12,093 11,411 5,561 5,850 12,309 6,066 6,243 Ali Al-Sharqi-34023-يقرشلا يلع
63,222 31,277 31,945 25,807 12,704 13,103 37,415 18,573 18,842 Ali Al-Gharbi Total-3402-يبرغلا يلع
60,479 29,528 30,951 32,464 15,726 16,738 28,015 13,802 14,213 D.C of Al-Maimouna-34031-ةنوميملا ق.م
27,753 13,659 14,094 10,051 4,992 5,059 17,702 8,667 9,035 34032-ملاسلا Al-Maimouna-3403-ةنوميملا
11,472 5,690 5,782 11,326 5,615 5,711 146 75 71 Sayedd Ahmad al-Rifa'i-34033-يعافرلا دمحأ ديس
99,704 48,877 50,827 53,841 26,333 27,508 45,863 22,544 23,319 Al-Maimouna Total-3403-ةنوميملا
66,627 32,683 33,944 26,929 13,073 13,856 39,698 19,610 20,088 D.C of Qala't salih-34041-حلاص ةعلق ق.م
Qala't salih-3404-حلاص ةعلق 34-ناسيم
34,145 16,835 17,310 16,833 8,252 8,581 17,312 8,583 8,729 Al-Uzair-34042-ريزعلا
100,772 49,518 51,254 43,762 21,325 22,437 57,010 28,193 28,817 Qala't salih Total-3404-حلاص ةعلق
131,245 64,899 66,346 23,686 11,519 12,167 107,559 53,380 54,179 D.C of Almajar alkabir -34051-ريبكلا رجملا ق.م
20,601 10,223 10,378 4,776 2,329 2,447 15,825 7,894 7,931 Al-Adil-34052-لدعلا Almajar alkabir -3405-ريبكلا رجملا
11,290 5,529 5,761 7,575 3,711 3,864 3,715 1,818 1,897 Al-Khair-34053-ريخلا
163,136 80,651 82,485 36,037 17,559 18,478 127,099 63,092 64,007 Almajar alkabir Total-3405-ريبكلا رجملا
55,770 27,570 28,200 22,677 11,206 11,471 33,093 16,364 16,729 D.C of Total-34061-ءلاحكلا ق.م
37,743 18,487 19,256 21,063 10,287 10,776 16,680 8,200 8,480 almashrah-34062-حرشملا 3406-ءلاحكلا
13,763 6,714 7,049 11,969 5,822 6,147 1,794 892 902 Bani Hashim-34063-مشاه ينب
107,276 52,771 54,505 55,709 27,315 28,394 51,567 25,456 26,111 alkahlaa Total-3406-ءلاحكلا
39,628 19,506 20,122 23,671 11,604 12,067 15,957 7,902 8,055 D.C of Kumet-34071-تيمك ق.م Kumet-3407-تيمك
39,628 19,506 20,122 23,671 11,604 12,067 15,957 7,902 8,055 Kumet Total-3407-تيمك
1,293,636 638,559 655,077 290,369 141,883 148,486 1,003,267 496,676 506,591 Governorate Total /ةظفاحملا عومجم Misan-34-ناسيم Total
1,337,707 654,429 683,278 44,655 22,112 22,543 1,293,052 632,317 660,735 D.C of Basrah-35011-ةرصبلا ق.م Basrah-3501-ةرصبلا
1,337,707 654,429 683,278 44,655 22,112 22,543 1,293,052 632,317 660,735 Basrah Total-3501-ةرصبلا
383,957 189,673 194,284 26,186 13,046 13,140 357,771 176,627 181,144 D.C of Abu Al-Khaseeb-35021-بيصخلا يبأ ق.م
Abu Al-Khaseeb-3502-بيصخلا يبأ
10,759 5,304 5,455 5,899 2,905 2,994 4,860 2,399 2,461 35022-ةبيسلا
394,716 194,977 199,739 32,085 15,951 16,134 362,631 179,026 183,605 Abu Al-Khaseeb Total-3502-بيصخلا يبأ
466,830 232,607 234,223 115,645 57,228 58,417 351,185 175,379 175,806 D.C of AL-Zubair-35031-ريبزلا ق.م
56,941 28,108 28,833 3,762 1,845 1,917 53,179 26,263 26,916 35033-رصق مأ AL-Zubair-3503-ريبزلا
74,689 37,034 37,655 19,604 9,646 9,958 55,085 27,388 27,697 35034-ريبزلا روخ
598,460 297,749 300,711 139,011 68,719 70,292 459,449 229,030 230,419 AL-Zubair Total-3503-ريبزلا
167,044 83,439 83,605 32,870 16,309 16,561 134,174 67,130 67,044 D.C of-35041-ةنرقلا ق.م
Total-3504-ةنرقلا
44,455 22,073 22,382 39,405 19,615 19,790 5,050 2,458 2,592 Al-Thagar-35045-رغثلا
211,499 105,512 105,987 72,275 35,924 36,351 139,224 69,588 69,636 A-Qurna Total-3504-ةنرقلا
45,388 22,152 23,236 9,623 4,645 4,978 35,765 17,507 18,258 D.C of Faw-35051-وافلا ق.م Faw-3505-وافلا
45,388 22,152 23,236 9,623 4,645 4,978 35,765 17,507 18,258 Faw Total-3505-وافلا
301,526 148,867 152,659 27,689 13,601 14,088 273,837 135,266 138,571 D.C of Shat Al-Arab-35061-برعلا طش ق.م
Shat Al-Arab-3506-برعلا طش Basrah35-ةرصبلا
53,502 26,264 27,238 48,095 23,584 24,511 5,407 2,680 2,727 Al-Nashwa-35063-ةوشنلا
355,028 175,131 179,897 75,784 37,185 38,599 279,244 137,946 141,298 Shat Al-Arab Total-3506-برعلا طش
100,153 49,511 50,642 23,901 11,872 12,029 76,252 37,639 38,613 D.C of Al-Mdaina-35071-ةنيدملا ق.م
Al-Mdaina-3507-ةنيدملا
95,855 47,591 48,264 37,021 18,429 18,592 58,834 29,162 29,672 Eiz Al-Deen Saleem-35072-ميلس نيدلا زع
196,008 97,102 98,906 60,922 30,301 30,621 135,086 66,801 68,285 Al-Mdaina Total-3507-ةنيدملا
193,495 95,823 97,672 54,796 26,947 27,849 138,699 68,876 69,823 D.C of Al-Hartha-35081-ةثراهلا ق.م Al-Hartha-3508-ةثراهلا
193,495 95,823 97,672 54,796 26,947 27,849 138,699 68,876 69,823 Al-Hartha Total-3508-ةثراهلا
56,197 27,933 28,264 2,559 1,342 1,217 53,638 26,591 27,047 D.C of Al-Dear-35091-ريدلا ق.م
38,068 18,978 19,090 777 397 380 37,291 18,581 18,710 Al-Shafy-35092-يفاشلا Al-Dear-3509-ريدلا
40,063 19,876 20,187 432 223 209 39,631 19,653 19,978 Al-Mostafa (Al-Zwain)-35093-)نيوزلا(ىفطصملا
134,328 66,787 67,541 3,768 1,962 1,806 130,560 64,825 65,735 Al-Dear Total-3509-ريدلا
113,517 55,836 57,681 30,986 15,327 15,659 82,531 40,509 42,022 D.C of Al-Sadiq-35101-قداصلا ق.م Al-Sadiq-3510-قداصلا
113,517 55,836 57,681 30,986 15,327 15,659 82,531 40,509 42,022 Al-Sadiq Total-3510-قداصلا
84,022 41,922 42,100 61,093 30,371 30,722 22,929 11,551 11,378 D.C of Safwan-35111-ناوفس ق.م Safwan-3511-ناوفس
84,022 41,922 42,100 61,093 30,371 30,722 22,929 11,551 11,378 Safwan Total-3511-ناوفس
3,664,168 1,807,420 1,856,748 584,998 289,444 295,554 3,079,170 1,517,976 1,561,194 Governorate Total /ةظفاحملا عومجم Basrah-35-ةرصبلا Total
46,118,793 22,957,189 23,161,604 13,755,144 6,833,089 6,922,055 32,363,649 16,124,100 16,239,549 Grand Total
[746 words in 70 rows]
